mean_MH.asc
NCOLS 427 
NROWS 362 
XLLCORNER -9.541666667 
YLLCORNER 36 
CELLSIZE 0.0416666666674473 
NODATA_value -3.4e+38 
[rows 276 to 298 of 362, columns 153 to 203 of 427]
125.444442749023 126.444442749023 127.111114501953 128.33332824707 129.888885498047 132.444442749023 135.888885498047 135.444442749023 133 132.111114501953 132.444442749023 138.111114501953 147.888885498047 144.33332824707 140.66667175293 157.222229003906 145 143 154.222229003906 156.444442749023 154.777770996094 156.66667175293 165.777770996094 170 169.111114501953 159.111114501953 156 155.888885498047 161.222229003906 150.66667175293 153.111114501953 159.444442749023 166.444442749023 163.66667175293 168.222229003906 167.111114501953 168 167.555557250977 161 156.777770996094 167.111114501953 186.888885498047 204.555557250977 215.777770996094 227.222229003906 249.111114501953 261.555541992188 285.222229003906 300.777770996094 320.777770996094 337.444458007812
124.333335876465 126.666664123535 126.222221374512 127.111114501953 127.666664123535 128.66667175293 131.222229003906 132.33332824707 131.555557250977 129.888885498047 131.66667175293 135.66667175293 141.444442749023 136.222229003906 136.555557250977 144.33332824707 144.111114501953 142.222229003906 140.777770996094 141.33332824707 148.888885498047 149.555557250977 164 170.33332824707 162.222229003906 161 148.66667175293 150.555557250977 152.222229003906 143.444442749023 148.444442749023 148.33332824707 152.555557250977 151.33332824707 153.777770996094 155.33332824707 158 153.33332824707 159.888885498047 156.555557250977 181.111114501953 200.222229003906 203.888885498047 206.66667175293 219.111114501953 262.888885498047 265.333343505859 285.555541992188 293.555541992188 311.111114501953 328.666656494141
127 128.33332824707 126.666664123535 126.666664123535 126.444442749023 127 128.888885498047 128.888885498047 130 128.555557250977 129.888885498047 132.444442749023 132.222229003906 132.777770996094 132.222229003906 134.555557250977 139.66667175293 140.66667175293 137.444442749023 137.66667175293 141.66667175293 156 161.33332824707 168.444442749023 155 147 138.33332824707 147.222229003906 135.888885498047 135.888885498047 138.33332824707 140.111114501953 138.444442749023 142.777770996094 143.777770996094 148.444442749023 146.888885498047 141.111114501953 143.555557250977 148.777770996094 163.888885498047 195 196.444442749023 212.111114501953 230.777770996094 254.777770996094 266.111114501953 276.222229003906 288.444458007812 303.555541992188 318.333343505859
128.444442749023 130.111114501953 127.888885498047 123.666664123535 124.555557250977 124.555557250977 127 126.111114501953 127.333335876465 127.333335876465 126.888885498047 127.333335876465 128.555557250977 129.888885498047 129.33332824707 128.777770996094 130.222229003906 130.888885498047 130.66667175293 133.888885498047 141.222229003906 153.777770996094 158.111114501953 142.222229003906 131.888885498047 125 135.444442749023 129.555557250977 128.66667175293 130.33332824707 135.222229003906 137.444442749023 134.888885498047 133.66667175293 133.777770996094 140.222229003906 135.222229003906 137.888885498047 141.777770996094 141.777770996094 160.111114501953 189.66667175293 203.222229003906 227.33332824707 244.777770996094 259.111114501953 251.66667175293 256.222229003906 273.333343505859 306.666656494141 321.555541992188
124.777778625488 126.888885498047 124.111114501953 122.222221374512 122.444442749023 124.111114501953 125.222221374512 125.666664123535 126.111114501953 126 126.555557250977 126.888885498047 127.444442749023 127.888885498047 128.444442749023 127.777778625488 128.111114501953 128.222229003906 128.33332824707 129.111114501953 132.33332824707 138.888885498047 137.555557250977 123 127.666664123535 124 126.666664123535 124.555557250977 126.444442749023 126 130 129.555557250977 127.666664123535 127.111114501953 126.111114501953 130 136.66667175293 138.555557250977 141.777770996094 142 159.888885498047 185.888885498047 190 214.33332824707 246.444442749023 255 242.777770996094 267.777770996094 294.666656494141 294.666656494141 278.666656494141
121.666664123535 121.111114501953 120.333335876465 120 122 122 124.444442749023 124.333335876465 124.222221374512 125.222221374512 126.222221374512 126.222221374512 126.555557250977 126.555557250977 126.222221374512 126.777778625488 127.666664123535 127.666664123535 127.777778625488 127.555557250977 127.222221374512 128.444442749023 129.888885498047 122.111114501953 122 119.555557250977 122.333335876465 119.555557250977 119.111114501953 118.555557250977 123.555557250977 122.555557250977 124 125 119.333335876465 122.333335876465 125.666664123535 135.777770996094 143.444442749023 149 159.33332824707 181 195.888885498047 204.777770996094 209 217.66667175293 221.777770996094 239.66667175293 264.444458007812 298.111114501953 302.666656494141
119.888885498047 119.444442749023 120.222221374512 121.111114501953 120.666664123535 122.333335876465 123.222221374512 124.555557250977 124.222221374512 124.333335876465 125.444442749023 126.111114501953 126.222221374512 126.555557250977 126.444442749023 126 126.888885498047 127.444442749023 128 128.111114501953 127.444442749023 127.444442749023 123.111114501953 120.666664123535 120.777778625488 120.333335876465 111.333335876465 114.333335876465 114.666664123535 113.222221374512 116.111114501953 115.666664123535 115.555557250977 116.111114501953 118.666664123535 119.555557250977 128.888885498047 134.888885498047 141 151.777770996094 161 174.777770996094 216.777770996094 232.66667175293 227.555557250977 216.777770996094 214.888885498047 217.555557250977 234.33332824707 290.555541992188 305
119.888885498047 119.333335876465 119.666664123535 119.888885498047 120.666664123535 122.555557250977 122.111114501953 123.888885498047 124 124.555557250977 124.111114501953 126.444442749023 127 127.777778625488 126.777778625488 126.111114501953 126.444442749023 126.111114501953 126.666664123535 127 126.666664123535 126.444442749023 121.777778625488 119 119 112.333335876465 109.222221374512 112.111114501953 111.666664123535 111.222221374512 110.777778625488 110.111114501953 109.666664123535 111.111114501953 113 120.777778625488 128.111114501953 132.888885498047 139.222229003906 153.222229003906 162 181.888885498047 220.111114501953 240.222229003906 256 267.888885498047 278.444458007812 276.111114501953 277.888885498047 246.888885498047 263.555541992188
120.111114501953 120.666664123535 121.444442749023 120.222221374512 121.444442749023 121.111114501953 122.666664123535 124.444442749023 124.666664123535 125 125.666664123535 127.333335876465 128.33332824707 128.33332824707 128.111114501953 128.33332824707 128.33332824707 126.444442749023 125.888885498047 126 124.888885498047 125.222221374512 124.333335876465 117.555557250977 117.777778625488 111.666664123535 108.777778625488 108.555557250977 109.777778625488 109.666664123535 108.333335876465 106.888885498047 107.111114501953 106 106.333335876465 112.888885498047 128.777770996094 131 132.555557250977 151.888885498047 165.33332824707 190.33332824707 214.777770996094 237.222229003906 261 271.888885498047 280.555541992188 293.444458007812 301.333343505859 252.222229003906 273
119.444442749023 120.222221374512 121.111114501953 120.444442749023 120.333335876465 120.555557250977 123.111114501953 125 125.555557250977 126.111114501953 126.888885498047 129 129.66667175293 130.33332824707 129.777770996094 130.111114501953 131.888885498047 130.555557250977 128 127 125.333335876465 124.222221374512 118.222221374512 114.444442749023 113.888885498047 109.777778625488 109.444442749023 107.888885498047 106.222221374512 105.333335876465 103.777778625488 104.444442749023 104.222221374512 105.111114501953 106.222221374512 109.222221374512 119.888885498047 124.666664123535 132.888885498047 148.555557250977 174.444442749023 193 212.444442749023 231.66667175293 257.111114501953 272.888885498047 287.777770996094 294.666656494141 296 262 279.888885498047
120.666664123535 121.555557250977 122.111114501953 121.666664123535 120.777778625488 122.777778625488 124.666664123535 126.777778625488 127.444442749023 130.111114501953 130.555557250977 130.777770996094 131.111114501953 131.66667175293 131.444442749023 132.222229003906 133.111114501953 133.222229003906 131.222229003906 129.222229003906 126.222221374512 124.222221374512 122.777778625488 114.555557250977 110.333335876465 109.444442749023 107.777778625488 107.666664123535 106.555557250977 106.555557250977 101.555557250977 101.666664123535 101.555557250977 102 105.666664123535 109.333335876465 112.888885498047 119 135.555557250977 146.888885498047 176.66667175293 209.444442749023 208 205.66667175293 253.888885498047 264.777770996094 285.666656494141 301.333343505859 317.666656494141 302.444458007812 285.666656494141
120.666664123535 121 122.111114501953 121.444442749023 124.222221374512 126.666664123535 129.888885498047 130.555557250977 131.888885498047 132.888885498047 132.888885498047 137.33332824707 135.555557250977 134.111114501953 135.111114501953 134.888885498047 136.33332824707 137.33332824707 133.222229003906 130.555557250977 129.111114501953 126.444442749023 123.666664123535 114.666664123535 109.333335876465 105.777778625488 105.666664123535 105.444442749023 104.666664123535 103.777778625488 101.666664123535 101.333335876465 101.555557250977 102.333335876465 103.888885498047 108.888885498047 115.333335876465 121.111114501953 134.888885498047 147.777770996094 159.888885498047 180.222229003906 198.111114501953 205.222229003906 221.888885498047 250.66667175293 286.222229003906 301.555541992188 306.222229003906 302.555541992188 278
121.777778625488 123.333335876465 123.555557250977 125.333335876465 130.66667175293 133.555557250977 136.777770996094 137 136.888885498047 138.111114501953 137.66667175293 139.444442749023 139.66667175293 137.777770996094 136.888885498047 138.33332824707 140.33332824707 143.888885498047 138.222229003906 136.111114501953 133.33332824707 128.222229003906 122.444442749023 113.888885498047 111.333335876465 106.222221374512 105.111114501953 105 104.666664123535 100.444442749023 100.777778625488 101.333335876465 101.666664123535 102.111114501953 102.222221374512 103.888885498047 114.333335876465 127.888885498047 138 150.222229003906 163.444442749023 180.222229003906 191.555557250977 212.66667175293 241.444442749023 248.888885498047 263.333343505859 303.111114501953 304.888885498047 318.777770996094 295
125 126.111114501953 128 130.444442749023 132.444442749023 131.555557250977 138.111114501953 141.66667175293 142.444442749023 142.555557250977 142.888885498047 141.444442749023 143.111114501953 140.888885498047 140.111114501953 144.111114501953 144.66667175293 146.111114501953 145.33332824707 143.111114501953 136 130.444442749023 121.777778625488 112.777778625488 111 104.888885498047 104.555557250977 104.111114501953 104.777778625488 100.444442749023 100.111114501953 100.222221374512 101.333335876465 102.666664123535 103.222221374512 107.777778625488 122.222221374512 133.888885498047 139.66667175293 151.888885498047 169.888885498047 178.555557250977 203.777770996094 208.444442749023 220.66667175293 246.777770996094 274.444458007812 294.222229003906 313.222229003906 323 287.222229003906
128.777770996094 129.777770996094 133.555557250977 136.66667175293 137.66667175293 137.444442749023 134.444442749023 137.66667175293 140.33332824707 142.111114501953 142.555557250977 144.33332824707 148.33332824707 147.555557250977 147.222229003906 147.888885498047 151.777770996094 157.888885498047 155.444442749023 147.888885498047 138.222229003906 131.444442749023 126.444442749023 115.222221374512 111.555557250977 106.555557250977 103.666664123535 103.333335876465 103.444442749023 99.2222213745117 99.6666641235352 101.111114501953 100.888885498047 102.666664123535 108.888885498047 124.777778625488 138.111114501953 144.444442749023 152.777770996094 154.444442749023 177.777770996094 185.777770996094 206.888885498047 206.66667175293 219.888885498047 265.888885498047 283.444458007812 296 309.222229003906 307.888885498047 312
132.444442749023 133.777770996094 134.66667175293 140 140.66667175293 140.111114501953 139.111114501953 136.888885498047 140.66667175293 140.33332824707 141.66667175293 141.777770996094 143 146.111114501953 148.555557250977 154.111114501953 154.888885498047 154.222229003906 148.444442749023 143.888885498047 138.555557250977 134.111114501953 126.666664123535 117 112.444442749023 107.444442749023 103.777778625488 103.555557250977 103.444442749023 99.1111145019531 99.5555572509766 100.333335876465 101.333335876465 104.111114501953 113.777778625488 128.222229003906 134.66667175293 137 141.111114501953 147 164.444442749023 179.444442749023 186 199.33332824707 250.888885498047 278.666656494141 289.444458007812 317.555541992188 336.333343505859 294.888885498047 314.333343505859
128.444442749023 132.33332824707 131.777770996094 137.222229003906 140.555557250977 140.555557250977 140.444442749023 139.444442749023 138.555557250977 139 142.777770996094 142.555557250977 143.555557250977 143.33332824707 146 147.66667175293 152.222229003906 152.66667175293 150.33332824707 150.888885498047 143.888885498047 131.888885498047 131.444442749023 124.555557250977 116 109 104.222221374512 103.555557250977 103.444442749023 103.666664123535 99.1111145019531 101.111114501953 103 108.666664123535 112.333335876465 114.333335876465 124.333335876465 132.444442749023 138.33332824707 145.66667175293 156.111114501953 173.111114501953 192.222229003906 227.33332824707 263.444458007812 277.444458007812 309 325.555541992188 304.444458007812 295.888885498047 313.777770996094
130.555557250977 132.888885498047 131.777770996094 134.66667175293 138.777770996094 139.777770996094 140.66667175293 141.444442749023 140.111114501953 141.222229003906 143.111114501953 142.777770996094 143 143.111114501953 145.777770996094 146.888885498047 147.33332824707 146.111114501953 146.555557250977 148.222229003906 143.555557250977 137.222229003906 131.888885498047 126.111114501953 121.777778625488 115.111114501953 110.111114501953 106.111114501953 103.777778625488 103.555557250977 103.666664123535 102.222221374512 105.666664123535 106.666664123535 108.888885498047 115 122.333335876465 126.888885498047 136 145.555557250977 157.111114501953 170.66667175293 202.222229003906 229.555557250977 271.777770996094 282.333343505859 288.333343505859 303.333343505859 313 309.666656494141 295.555541992188
127.777778625488 127.888885498047 129.444442749023 132.888885498047 137.222229003906 140.222229003906 140.777770996094 141.777770996094 143.222229003906 143.555557250977 143.66667175293 142.888885498047 143.111114501953 142.66667175293 145.555557250977 147.888885498047 146.444442749023 145.888885498047 140.222229003906 142.777770996094 139 137.111114501953 136.33332824707 132.222229003906 126.666664123535 126.111114501953 120.777778625488 115.111114501953 107.777778625488 106.111114501953 112.222221374512 109.777778625488 108.222221374512 109.111114501953 111.777778625488 118.555557250977 123.444442749023 127.222221374512 131 142.222229003906 158.222229003906 169.444442749023 203.444442749023 261.444458007812 289.333343505859 302.222229003906 313.111114501953 322.222229003906 330.666656494141 320 319.555541992188
128.111114501953 130.222229003906 130.555557250977 134.111114501953 136.222229003906 141.555557250977 141.444442749023 142.111114501953 144.111114501953 143.888885498047 143.66667175293 143.555557250977 144.33332824707 146.444442749023 146.444442749023 146.555557250977 146.444442749023 145.777770996094 145.111114501953 145.888885498047 145.777770996094 145 141.444442749023 144.555557250977 143.33332824707 142.33332824707 138.444442749023 130.555557250977 117.555557250977 117 114.666664123535 112 113.777778625488 115.444442749023 116.666664123535 115.666664123535 119.333335876465 130.777770996094 136.888885498047 147.888885498047 171.444442749023 185.888885498047 213.888885498047 257.777770996094 285.333343505859 305.666656494141 314.888885498047 323.666656494141 326.888885498047 323.666656494141 331.111114501953
127.555557250977 127.555557250977 130.33332824707 134.66667175293 137 140 142 141.33332824707 144.777770996094 144.777770996094 143 143.555557250977 144 143.777770996094 148.33332824707 148.111114501953 147.555557250977 152.66667175293 152.66667175293 156.222229003906 159 161.111114501953 157.66667175293 174.33332824707 170.222229003906 164.444442749023 157 146.33332824707 137.888885498047 124 119.333335876465 118.333335876465 125.111114501953 119 118.777778625488 116.666664123535 119.111114501953 129 128.777770996094 147.111114501953 163.222229003906 195.66667175293 227.777770996094 267.888885498047 285.555541992188 295.555541992188 289 323.111114501953 338.222229003906 341.111114501953 353.111114501953
128.888885498047 130.222229003906 129.888885498047 130.66667175293 131.66667175293 134.222229003906 138.444442749023 140.777770996094 145 144.888885498047 143 141 137.777770996094 133.33332824707 133.444442749023 135.66667175293 141 158.555557250977 162.777770996094 176.888885498047 180.33332824707 179.66667175293 166.444442749023 184 174.777770996094 173.888885498047 163.888885498047 151.444442749023 139.111114501953 119.777778625488 115.222221374512 114.222221374512 114.777778625488 124 122 115.777778625488 122.333335876465 119.888885498047 138.888885498047 148.888885498047 189.222229003906 214.111114501953 249.222229003906 274.444458007812 290 298.777770996094 266.555541992188 317.666656494141 301.111114501953 339.333343505859 355
130 130.888885498047 132.555557250977 134.33332824707 135.444442749023 137.66667175293 142.111114501953 145.555557250977 144.66667175293 141.555557250977 135.888885498047 139.66667175293 129.888885498047 127.777778625488 132.222229003906 140.555557250977 150.555557250977 165.888885498047 181.888885498047 196.777770996094 189.222229003906 174.111114501953 192.444442749023 192.444442749023 176.66667175293 165.33332824707 155.111114501953 143.66667175293 131.111114501953 125.444442749023 124.555557250977 113.222221374512 110.777778625488 111.333335876465 114.444442749023 114.444442749023 118.444442749023 132.111114501953 140.777770996094 156.33332824707 217.66667175293 232 254.555557250977 273 324.333343505859 329.555541992188 320.555541992188 303.333343505859 324.666656494141 340.666656494141 357.222229003906
