mean_LGM.asc
NCOLS 429 
NROWS 360 
XLLCORNER -9.666666667 
YLLCORNER 36.083333333 
CELLSIZE 0.0416666666666667 
NODATA_value -3.4e+38 
[rows 300 to 324 of 360, columns 0 to 54 of 429]
-3.4e+38 -3.4e+38 170.66667175293 167.66667175293 168 172 171 158 149.33332824707 172.33332824707 200.66667175293 152.33332824707 161 149.33332824707 178 218.66667175293 208.33332824707 224 236.33332824707 308 322.666656494141 343.333343505859 336.333343505859 346.333343505859 320.666656494141 334.333343505859 327.666656494141 341 346.333343505859 350.333343505859 327.666656494141 334.666656494141 348.333343505859 356.666656494141 357 380.666656494141 378.333343505859 388.666656494141 391.666656494141 427.666656494141 451 467.333343505859 477.333343505859 492.666656494141 507 534.333312988281 546 532.333312988281 577.666687011719 598.666687011719 607.666687011719 618.333312988281 630 663.333312988281 671
-3.4e+38 -3.4e+38 -3.4e+38 169 172 174.66667175293 174.66667175293 166.33332824707 168.33332824707 186 216 160 146.66667175293 156.33332824707 162.66667175293 192.33332824707 201.33332824707 212.33332824707 283.333343505859 316 321.333343505859 346 348 347.666656494141 332.666656494141 332.666656494141 352 375.333343505859 378 354.333343505859 340.666656494141 348.333343505859 361.666656494141 397 396.333343505859 402 392.333343505859 414.666656494141 421.666656494141 434 446.333343505859 468.666656494141 479 501 521.666687011719 514.666687011719 525 529.333312988281 558.333312988281 570.333312988281 608.666687011719 606 631.666687011719 677.333312988281 651
-3.4e+38 -3.4e+38 -3.4e+38 -3.4e+38 183 182 181 177.33332824707 184 -3.4e+38 -3.4e+38 153.33332824707 157 169.33332824707 156.33332824707 179.33332824707 199.66667175293 217.33332824707 305.666656494141 325 328.666656494141 350.333343505859 334.333343505859 336.333343505859 337.666656494141 369.333343505859 366.666656494141 363 370.333343505859 362.666656494141 371 377 379 386.333343505859 404 413.333343505859 420.333343505859 437.666656494141 447 451.666656494141 446.333343505859 457 474.666656494141 492.333343505859 487 501.333343505859 510.666656494141 522.333312988281 540.666687011719 568 573.333312988281 602.666687011719 647.333312988281 649.333312988281 662.666687011719
-3.4e+38 -3.4e+38 -3.4e+38 -3.4e+38 -3.4e+38 -3.4e+38 -3.4e+38 -3.4e+38 -3.4e+38 -3.4e+38 135 144 143.33332824707 159.33332824707 161.66667175293 207 266.666656494141 306 317 324 343.666656494141 357.333343505859 357.666656494141 361.666656494141 369.666656494141 376.333343505859 365 376.333343505859 372.333343505859 382.666656494141 384 399 406 400 401.666656494141 418 431 436.666656494141 446.333343505859 455.666656494141 454.333343505859 471.333343505859 470.333343505859 484.333343505859 494.333343505859 510 517.666687011719 532.333312988281 538 563.666687011719 581.333312988281 608.333312988281 616 651 665.333312988281
-3.4e+38 -3.4e+38 -3.4e+38 -3.4e+38 -3.4e+38 -3.4e+38 -3.4e+38 -3.4e+38 -3.4e+38 -3.4e+38 -3.4e+38 215 206.66667175293 221 242.66667175293 264.333343505859 266.333343505859 297 323.666656494141 337.666656494141 340.333343505859 347.333343505859 348.333343505859 367.333343505859 376.333343505859 380.666656494141 385.333343505859 390 383 404 393 401.333343505859 415.666656494141 418.333343505859 424.666656494141 423.666656494141 428 441 447.333343505859 456.666656494141 459.666656494141 477.666656494141 458.666656494141 480.333343505859 489.666656494141 517.333312988281 526.333312988281 541 554 569 572.666687011719 598 614 632.333312988281 620
-3.4e+38 -3.4e+38 -3.4e+38 -3.4e+38 -3.4e+38 -3.4e+38 -3.4e+38 -3.4e+38 -3.4e+38 -3.4e+38 -3.4e+38 -3.4e+38 233.33332824707 243 257.333343505859 265.666656494141 269.333343505859 288.333343505859 305.666656494141 333.666656494141 336.333343505859 353 342 353.666656494141 363 375 379.666656494141 392.333343505859 393.333343505859 389.666656494141 393.333343505859 411 415.333343505859 433 425 431.333343505859 442 447.333343505859 454 449.333343505859 464.333343505859 481 463.333343505859 488.666656494141 495.666656494141 507.666656494141 509.666656494141 530.666687011719 544.333312988281 581.666687011719 590.333312988281 622 600.666687011719 642 626.666687011719
-3.4e+38 -3.4e+38 -3.4e+38 -3.4e+38 -3.4e+38 -3.4e+38 -3.4e+38 -3.4e+38 -3.4e+38 -3.4e+38 -3.4e+38 -3.4e+38 -3.4e+38 -3.4e+38 -3.4e+38 -3.4e+38 259.666656494141 286.666656494141 294.333343505859 318.333343505859 329 358 355.666656494141 373.666656494141 362 372 379.666656494141 392 399.333343505859 408.333343505859 414.333343505859 429 436 452 454.666656494141 445.666656494141 452 462 458 458.333343505859 453.333343505859 478.666656494141 490 499.666656494141 506.333343505859 519 511 536 541.333312988281 578.333312988281 584 601 619.333312988281 639 617.333312988281
-3.4e+38 -3.4e+38 -3.4e+38 -3.4e+38 -3.4e+38 -3.4e+38 -3.4e+38 -3.4e+38 -3.4e+38 -3.4e+38 -3.4e+38 -3.4e+38 -3.4e+38 -3.4e+38 -3.4e+38 -3.4e+38 -3.4e+38 -3.4e+38 270.666656494141 317.333343505859 339.333343505859 340.333343505859 350.333343505859 375 367.333343505859 376 377 398.333343505859 399.333343505859 409.666656494141 408.333343505859 426.333343505859 436.666656494141 456.666656494141 458.333343505859 466.666656494141 470 477.333343505859 476.666656494141 458 465 487 498 494.666656494141 508.333343505859 521.666687011719 501.333343505859 546.333312988281 546.666687011719 574.333312988281 587.666687011719 606 617 623 611.333312988281
-3.4e+38 -3.4e+38 -3.4e+38 -3.4e+38 -3.4e+38 -3.4e+38 -3.4e+38 -3.4e+38 -3.4e+38 -3.4e+38 -3.4e+38 -3.4e+38 -3.4e+38 -3.4e+38 -3.4e+38 -3.4e+38 -3.4e+38 -3.4e+38 279.333343505859 312 326.666656494141 337.666656494141 349.333343505859 363 375 377.666656494141 386.666656494141 395 404.666656494141 409.666656494141 414.666656494141 421.666656494141 449.333343505859 456 466.333343505859 483.333343505859 487.666656494141 487.666656494141 490.666656494141 495.333343505859 498 492 498.666656494141 494.666656494141 502.666656494141 520 515 554 552.666687011719 581.666687011719 580 596 606 621.666687011719 635.333312988281
-3.4e+38 -3.4e+38 -3.4e+38 -3.4e+38 -3.4e+38 -3.4e+38 -3.4e+38 -3.4e+38 -3.4e+38 -3.4e+38 -3.4e+38 -3.4e+38 -3.4e+38 -3.4e+38 -3.4e+38 -3.4e+38 -3.4e+38 -3.4e+38 295.333343505859 318.333343505859 331.666656494141 338.333343505859 348 352 331 367.333343505859 384 394.666656494141 394.333343505859 403.333343505859 408 430.666656494141 431.333343505859 451.333343505859 464.333343505859 487.666656494141 483.333343505859 495.666656494141 494 496.333343505859 499.333343505859 506 500 515.666687011719 525 531 551 562 564.333312988281 578 575.333312988281 598 596 626.666687011719 620
-3.4e+38 -3.4e+38 -3.4e+38 -3.4e+38 -3.4e+38 -3.4e+38 -3.4e+38 -3.4e+38 -3.4e+38 -3.4e+38 -3.4e+38 -3.4e+38 -3.4e+38 -3.4e+38 -3.4e+38 -3.4e+38 -3.4e+38 278 294 329.333343505859 341 365 360.333343505859 355.666656494141 308.666656494141 358.333343505859 387 393.333343505859 407 417.666656494141 424 435 438 455.333343505859 452.666656494141 484.333343505859 482.333343505859 484.666656494141 492.333343505859 495 498 497.333343505859 509 507 516.666687011719 531.333312988281 545 545.333312988281 555.666687011719 546 558 571.333312988281 587 608 607
-3.4e+38 -3.4e+38 -3.4e+38 -3.4e+38 -3.4e+38 -3.4e+38 -3.4e+38 -3.4e+38 -3.4e+38 -3.4e+38 -3.4e+38 -3.4e+38 -3.4e+38 -3.4e+38 -3.4e+38 -3.4e+38 -3.4e+38 267.666656494141 284 303 332.333343505859 365.666656494141 340 342 331.666656494141 341.333343505859 369.666656494141 385.666656494141 398.333343505859 415.666656494141 425 433.666656494141 447 460.333343505859 452 478 485 483.666656494141 487 493 500.666656494141 496.333343505859 507 510 524 528 532.333312988281 533.666687011719 539 544.333312988281 568.666687011719 579.666687011719 600.333312988281 613.666687011719 604.333312988281
-3.4e+38 -3.4e+38 -3.4e+38 -3.4e+38 -3.4e+38 -3.4e+38 -3.4e+38 -3.4e+38 -3.4e+38 -3.4e+38 -3.4e+38 -3.4e+38 -3.4e+38 -3.4e+38 -3.4e+38 -3.4e+38 267.333343505859 280.333343505859 284.333343505859 312 325.666656494141 349.666656494141 350.333343505859 363.333343505859 351.666656494141 375 372 387.333343505859 407 419.666656494141 420 426.333343505859 427.333343505859 454.666656494141 466 469.333343505859 486.666656494141 481.333343505859 482 496.333343505859 490 493 502.333343505859 505 512.666687011719 522.333312988281 543.333312988281 535.333312988281 533.333312988281 531.666687011719 554 568.666687011719 588 617 617
-3.4e+38 -3.4e+38 -3.4e+38 -3.4e+38 -3.4e+38 -3.4e+38 -3.4e+38 -3.4e+38 -3.4e+38 -3.4e+38 -3.4e+38 -3.4e+38 -3.4e+38 -3.4e+38 -3.4e+38 -3.4e+38 244.33332824707 272.333343505859 276 310 316.333343505859 340 344 353.333343505859 369.333343505859 380.666656494141 382.666656494141 391.666656494141 404.666656494141 416 421.333343505859 434.333343505859 427 441 448 471.666656494141 481.666656494141 479.666656494141 478 479.666656494141 484 484 503.666656494141 509.666656494141 515.666687011719 518.666687011719 519.666687011719 523.333312988281 536.666687011719 532.666687011719 555 567.333312988281 592 602 607
-3.4e+38 -3.4e+38 -3.4e+38 -3.4e+38 -3.4e+38 -3.4e+38 -3.4e+38 -3.4e+38 -3.4e+38 -3.4e+38 -3.4e+38 -3.4e+38 -3.4e+38 -3.4e+38 -3.4e+38 -3.4e+38 240.66667175293 268.333343505859 274 302.333343505859 320.666656494141 347.666656494141 336.333343505859 343 367.333343505859 389.333343505859 399.333343505859 406.333343505859 415 424.333343505859 431.666656494141 430 440 442.666656494141 459.666656494141 478.333343505859 472 470.666656494141 479.333343505859 485 489 480.333343505859 488 489.666656494141 493.333343505859 500.666656494141 519.333312988281 518.666687011719 527.333312988281 523.333312988281 530 541 536.666687011719 536.333312988281 596.333312988281
-3.4e+38 -3.4e+38 -3.4e+38 -3.4e+38 -3.4e+38 -3.4e+38 -3.4e+38 -3.4e+38 -3.4e+38 -3.4e+38 -3.4e+38 -3.4e+38 -3.4e+38 -3.4e+38 -3.4e+38 236.66667175293 240 269 273.666656494141 296.666656494141 305.666656494141 337.333343505859 347 356 363.333343505859 396.333343505859 398 410 414.666656494141 426.333343505859 425 426.666656494141 441 460.333343505859 444.666656494141 481 474 484.333343505859 488.666656494141 490.333343505859 492.666656494141 488 486.666656494141 494 506 506 515.333312988281 518.333312988281 526.333312988281 526.333312988281 537.333312988281 527 539.333312988281 557.666687011719 585.666687011719
-3.4e+38 -3.4e+38 -3.4e+38 -3.4e+38 -3.4e+38 -3.4e+38 -3.4e+38 -3.4e+38 -3.4e+38 -3.4e+38 -3.4e+38 -3.4e+38 -3.4e+38 -3.4e+38 -3.4e+38 236.33332824707 233 264.333343505859 269.666656494141 294.333343505859 316.666656494141 340.666656494141 338 352.666656494141 376.333343505859 389.333343505859 406.666656494141 408 422.333343505859 427 421.666656494141 428.666656494141 439 463.333343505859 449 470.666656494141 469.333343505859 477.666656494141 485 486.666656494141 489.333343505859 484.666656494141 491 493.333343505859 502 501.333343505859 505.333343505859 505.666656494141 504.333343505859 511.333343505859 511 514.333312988281 521.333312988281 514.666687011719 614.666687011719
-3.4e+38 -3.4e+38 -3.4e+38 -3.4e+38 -3.4e+38 -3.4e+38 -3.4e+38 -3.4e+38 -3.4e+38 -3.4e+38 -3.4e+38 -3.4e+38 -3.4e+38 -3.4e+38 -3.4e+38 -3.4e+38 229 246.66667175293 264.333343505859 284 307 313 330.666656494141 356.666656494141 383.333343505859 391 397 412.333343505859 417.333343505859 415.666656494141 420 427 428 437.666656494141 440 451.333343505859 459.666656494141 473.333343505859 479.333343505859 484 494 496.666656494141 501.666656494141 501.333343505859 503.666656494141 501.666656494141 501.333343505859 510.333343505859 510.333343505859 509 515.333312988281 513.666687011719 516.333312988281 516 519
-3.4e+38 -3.4e+38 -3.4e+38 -3.4e+38 -3.4e+38 -3.4e+38 -3.4e+38 -3.4e+38 -3.4e+38 -3.4e+38 -3.4e+38 -3.4e+38 -3.4e+38 -3.4e+38 -3.4e+38 -3.4e+38 228.33332824707 236.33332824707 261.666656494141 274.333343505859 283.666656494141 322 337.666656494141 353.333343505859 378.333343505859 400 394 412 423.666656494141 425 421.333343505859 429 422.333343505859 426 427.333343505859 445 457.666656494141 468 470 474.666656494141 472.666656494141 477.666656494141 480.666656494141 484.666656494141 488.333343505859 492.333343505859 499 499 507 502.333343505859 505 508.333343505859 517.666687011719 535 525.666687011719
-3.4e+38 -3.4e+38 -3.4e+38 -3.4e+38 -3.4e+38 -3.4e+38 -3.4e+38 -3.4e+38 -3.4e+38 -3.4e+38 -3.4e+38 -3.4e+38 -3.4e+38 -3.4e+38 -3.4e+38 -3.4e+38 227.33332824707 229.33332824707 243.33332824707 271.333343505859 286.666656494141 312.333343505859 328 343.666656494141 363.666656494141 381.333343505859 395 407 421 431.666656494141 427.333343505859 425 428.333343505859 426 432.666656494141 444.333343505859 445.666656494141 462 468.666656494141 480.666656494141 475 477.333343505859 482.666656494141 482.666656494141 487 493.666656494141 496.333343505859 497.666656494141 505 504 506.666656494141 507.333343505859 508.666656494141 511.666656494141 513.666687011719
-3.4e+38 -3.4e+38 -3.4e+38 -3.4e+38 -3.4e+38 -3.4e+38 -3.4e+38 -3.4e+38 -3.4e+38 -3.4e+38 -3.4e+38 -3.4e+38 -3.4e+38 -3.4e+38 -3.4e+38 -3.4e+38 231.33332824707 230 237.33332824707 253.66667175293 295 317 329.666656494141 360 371.666656494141 403.333343505859 392 411 415.666656494141 415.333343505859 417.666656494141 419.333343505859 421.666656494141 431.333343505859 428.333343505859 443.333343505859 436.666656494141 453.333343505859 459 470.333343505859 477.333343505859 478.333343505859 478.666656494141 485.666656494141 489 490 489 492 507.333343505859 503 508.666656494141 508 522 527.666687011719 498.666656494141
-3.4e+38 -3.4e+38 -3.4e+38 -3.4e+38 -3.4e+38 -3.4e+38 -3.4e+38 -3.4e+38 -3.4e+38 -3.4e+38 -3.4e+38 -3.4e+38 -3.4e+38 -3.4e+38 -3.4e+38 -3.4e+38 235.66667175293 229 233.33332824707 242.66667175293 259.666656494141 286 312.333343505859 340.333343505859 359.333343505859 392.333343505859 406.333343505859 409.666656494141 399.666656494141 410.666656494141 420 419.666656494141 420 424.666656494141 426.333343505859 432.666656494141 430.666656494141 446 453.333343505859 472.333343505859 467.666656494141 468.333343505859 475.666656494141 477.666656494141 484.333343505859 486.333343505859 486.333343505859 493.666656494141 502.666656494141 495.333343505859 511 519.666687011719 528.666687011719 509.666656494141 501
-3.4e+38 -3.4e+38 -3.4e+38 -3.4e+38 -3.4e+38 -3.4e+38 -3.4e+38 -3.4e+38 -3.4e+38 -3.4e+38 -3.4e+38 -3.4e+38 -3.4e+38 -3.4e+38 -3.4e+38 -3.4e+38 236.33332824707 231.33332824707 233.33332824707 249.33332824707 277 306 316.666656494141 335 352.333343505859 379.666656494141 401.333343505859 399.333343505859 403.666656494141 411.666656494141 408.333343505859 414.666656494141 414.333343505859 421.666656494141 417.666656494141 417.333343505859 426.666656494141 433.333343505859 446 452.333343505859 459 472.333343505859 476.666656494141 476.666656494141 480.666656494141 486.333343505859 490 496.333343505859 494.333343505859 501.666656494141 492.666656494141 502.666656494141 506.666656494141 500 495
-3.4e+38 -3.4e+38 -3.4e+38 -3.4e+38 -3.4e+38 -3.4e+38 -3.4e+38 -3.4e+38 -3.4e+38 -3.4e+38 -3.4e+38 -3.4e+38 -3.4e+38 -3.4e+38 -3.4e+38 -3.4e+38 235.33332824707 231.66667175293 230 237 276 297.333343505859 309.666656494141 328.333343505859 359.666656494141 378 383.333343505859 408.666656494141 417.666656494141 415.666656494141 398.666656494141 411 412.333343505859 413.333343505859 411.666656494141 419.666656494141 420.333343505859 431 427 443.666656494141 446.666656494141 455 471.666656494141 479.333343505859 483 482.666656494141 482.666656494141 494.666656494141 484.666656494141 499 496 496 497.666656494141 494.333343505859 502
-3.4e+38 -3.4e+38 -3.4e+38 -3.4e+38 -3.4e+38 -3.4e+38 -3.4e+38 -3.4e+38 -3.4e+38 -3.4e+38 -3.4e+38 -3.4e+38 -3.4e+38 -3.4e+38 -3.4e+38 -3.4e+38 232.66667175293 229.66667175293 234 240.33332824707 273.333343505859 295.666656494141 303 328.333343505859 365.333343505859 344.666656494141 392.666656494141 408 397 419.666656494141 413 418.333343505859 416.333343505859 417.333343505859 413 416.666656494141 412.666656494141 418.333343505859 417 436.666656494141 444.333343505859 452 459.666656494141 465 470.666656494141 474.333343505859 477.333343505859 521.666687011719 492 494.666656494141 480 469.333343505859 491.333343505859 516.333312988281 525.333312988281
