mean_LGM.asc
NCOLS 429 
NROWS 360 
XLLCORNER -9.666666667 
YLLCORNER 36.083333333 
CELLSIZE 0.0416666666666667 
NODATA_value -3.4e+38 
[rows 50 to 74 of 360, columns 275 to 329 of 429]
336 332.666656494141 344.666656494141 329.333343505859 344 365 348 355.666656494141 375 408.666656494141 458.333343505859 437.333343505859 469.666656494141 467 472.333343505859 474.666656494141 480.333343505859 480 480.333343505859 479.333343505859 482.666656494141 477 482.666656494141 483 420.666656494141 403 420.333343505859 403.333343505859 415.666656494141 394.666656494141 407.666656494141 365.666656494141 358.666656494141 405.666656494141 398.333343505859 374.333343505859 442 430 367 374.333343505859 379.666656494141 381.333343505859 413 419.333343505859 400.666656494141 459 483.333343505859 467 483.333343505859 491.666656494141 482 403.666656494141 495.333343505859 401.333343505859 407.666656494141
340.333343505859 342.666656494141 361.666656494141 352.333343505859 363.333343505859 342.333343505859 368.666656494141 384.333343505859 390.666656494141 430.333343505859 447.333343505859 456.666656494141 462.333343505859 470.333343505859 470 476.666656494141 476.333343505859 479.666656494141 481.333343505859 483.333343505859 480.333343505859 479 475.333343505859 474 413 414.333343505859 405.666656494141 424.333343505859 419 418.333343505859 404.333343505859 387.333343505859 364.666656494141 363.666656494141 364.666656494141 440.333343505859 376.333343505859 378.333343505859 421 371.333343505859 409 387.666656494141 461.333343505859 470 469.666656494141 470.666656494141 486 490 474 484.333343505859 481.333343505859 483.333343505859 489 413.333343505859 409
341.333343505859 333.333343505859 350.333343505859 357.333343505859 360.666656494141 355 350.666656494141 342.666656494141 361 381.666656494141 402 425 451.666656494141 465.666656494141 470 476 471.666656494141 474 475.333343505859 469.666656494141 474 475 462.666656494141 453.666656494141 463.333343505859 445.666656494141 429 432.666656494141 425.666656494141 411.333343505859 330 320.666656494141 331.333343505859 327.333343505859 337.666656494141 333.333343505859 339 367 336.666656494141 331 348.333343505859 372.333343505859 351.333343505859 367.333343505859 365 394.333343505859 384.333343505859 401.666656494141 401.666656494141 410.666656494141 460.666656494141 381.333343505859 392 381 388.666656494141
340 338.666656494141 333.666656494141 347 350.333343505859 350 356.333343505859 361 369 380 429.666656494141 452.666656494141 464.666656494141 467.333343505859 471 471.333343505859 477.333343505859 470 470 471.333343505859 474 475.333343505859 481.666656494141 476.333343505859 470.333343505859 451.666656494141 466.333343505859 350 352.666656494141 358.666656494141 356.666656494141 327.333343505859 347 333 334 365 358.333343505859 343 335 375.333343505859 326.666656494141 331.666656494141 347 358 358 403.333343505859 404.333343505859 400.333343505859 396.666656494141 451.666656494141 371 387 378.666656494141 386 388.666656494141
327.333343505859 328.333343505859 336.333343505859 348.666656494141 351 351.666656494141 343.333343505859 345.333343505859 350 357.666656494141 369.333343505859 398.333343505859 433.666656494141 457.333343505859 460.333343505859 432 453 464 445.666656494141 465 424.666656494141 424.333343505859 418.666656494141 416.333343505859 423 422 318 319 312 316.666656494141 321 311.333343505859 315.666656494141 313.333343505859 321 322.333343505859 319.666656494141 325.333343505859 322.333343505859 310.333343505859 327.666656494141 320 328 345.666656494141 342.666656494141 342 335.333343505859 344.333343505859 267 289.333343505859 295.333343505859 299.666656494141 302.333343505859 330.666656494141 332
345 335.666656494141 347.666656494141 350 356 356.333343505859 355.333343505859 355.666656494141 354.666656494141 362 370.333343505859 391 407.666656494141 412.333343505859 431 451 461 469.333343505859 470.333343505859 464 447 427.333343505859 425.666656494141 425 424.666656494141 422.333343505859 337 324.333343505859 323.333343505859 315.333343505859 319.333343505859 332.333343505859 326.666656494141 327 319.666656494141 320 319.333343505859 316.666656494141 316.666656494141 324 313 311.666656494141 323.333343505859 317.666656494141 338 336 352.666656494141 358.666656494141 382.666656494141 358.333343505859 293.666656494141 297 301.666656494141 333 421
353.666656494141 353.333343505859 350.333343505859 351.333343505859 352 350.333343505859 347.333343505859 348.666656494141 349.333343505859 358 342 333.333343505859 353.333343505859 361 377.333343505859 373.666656494141 401.666656494141 406.666656494141 417.666656494141 419.666656494141 403.333343505859 393.666656494141 386.333343505859 394 387 383.666656494141 387 302.666656494141 302.333343505859 306.333343505859 311.666656494141 306 294.333343505859 299.666656494141 303.333343505859 304 303 308 304.666656494141 306.666656494141 306.333343505859 303.666656494141 305 303.666656494141 312 322 306.666656494141 308.666656494141 325.333343505859 330.333343505859 342.666656494141 264 255.33332824707 256.666656494141 262.666656494141
353.333343505859 351.333343505859 350.666656494141 353.333343505859 347.333343505859 345.333343505859 344.333343505859 345.333343505859 341 339.333343505859 347 334.333343505859 333.666656494141 356 370 374.666656494141 401.666656494141 411 420 412.666656494141 408.333343505859 393 420 398 389.666656494141 390.666656494141 379.666656494141 303 306.333343505859 308.666656494141 308.666656494141 306.666656494141 294.333343505859 306.333343505859 299.666656494141 299 304 297 306 307.333343505859 304.666656494141 308.333343505859 309 311 307.666656494141 325.333343505859 319 302 301.666656494141 324.666656494141 343 255 263 269.333343505859 364
346 349.333343505859 350.333343505859 347.666656494141 343 351.333343505859 352.333343505859 346.666656494141 354.333343505859 340.666656494141 344 331.666656494141 323.333343505859 332.333343505859 333.333343505859 354.333343505859 359.333343505859 364.333343505859 381 375 356.333343505859 376.666656494141 372 369.333343505859 382.333343505859 282 294.333343505859 294.333343505859 293 367.333343505859 289 288.666656494141 293 294.666656494141 298.333343505859 296 296.333343505859 294.666656494141 297.666656494141 299.333343505859 301 300.666656494141 302.666656494141 303.333343505859 305.666656494141 299.666656494141 290 296.333343505859 298.666656494141 297.666656494141 295.333343505859 329 305.666656494141 324.666656494141 332.666656494141
342.666656494141 347 342.333343505859 344 335.666656494141 334.666656494141 336.333343505859 330 327.333343505859 330.333343505859 329 327.666656494141 328.666656494141 338 344.333343505859 355 351.333343505859 363.666656494141 368.666656494141 356.333343505859 356.333343505859 376.666656494141 372.333343505859 368 377.333343505859 357.666656494141 378.333343505859 363.333343505859 380 287.666656494141 288.333343505859 287 295.666656494141 293 293 293 296.666656494141 299.666656494141 299.333343505859 299.333343505859 299.333343505859 301.666656494141 293 299.666656494141 299.333343505859 293 287.666656494141 290.333343505859 278.333343505859 303 305.666656494141 298.666656494141 323 319 355.666656494141
345.333343505859 340.333343505859 341.666656494141 340.666656494141 338.333343505859 332.333343505859 332.666656494141 329 327 325 323 323.666656494141 324 328 328.666656494141 332.333343505859 332.666656494141 341.666656494141 346.666656494141 345.333343505859 349.333343505859 355 349.666656494141 352.666656494141 357 353.666656494141 362 354.333343505859 355.333343505859 354.666656494141 356.666656494141 353 284.333343505859 285 280.666656494141 281.333343505859 279.333343505859 293 293.666656494141 296 298.666656494141 289.333343505859 273 277.666656494141 277.666656494141 276 277.666656494141 269.666656494141 271.666656494141 268.666656494141 269.666656494141 286.666656494141 294.333343505859 301 305.666656494141
332.333343505859 342.333343505859 340.666656494141 340 337 336.333343505859 333.333343505859 334.333343505859 331 338 331.333343505859 327.666656494141 323.666656494141 325.333343505859 329.333343505859 340.666656494141 333.666656494141 342 347.333343505859 345.333343505859 344 353.666656494141 350.666656494141 355.666656494141 357.666656494141 354.333343505859 357 352.333343505859 357.333343505859 355.333343505859 357.333343505859 353 281.333343505859 282 281.666656494141 282.333343505859 291.333343505859 292 282.333343505859 278 271.333343505859 269.333343505859 271.333343505859 274 259.666656494141 262 261.666656494141 269.666656494141 272 280.666656494141 281.666656494141 293.333343505859 308.666656494141 298.666656494141 309.333343505859
333 339.666656494141 341 339.333343505859 336.333343505859 339.666656494141 335 335.333343505859 334 330 333.333343505859 334.333343505859 328.333343505859 327 343 346.333343505859 328 332 338 338 346 344.333343505859 345.666656494141 344 348 350 352 349.666656494141 350.666656494141 350.666656494141 334.666656494141 272 268.666656494141 265.333343505859 276.666656494141 256.333343505859 254.33332824707 268.666656494141 264.333343505859 270.333343505859 258 272.333343505859 257.333343505859 271.333343505859 268.333343505859 276.333343505859 255.66667175293 269.333343505859 269.666656494141 289.666656494141 288.666656494141 274 292.666656494141 299 303
328.666656494141 333 339.666656494141 337 335.666656494141 334.333343505859 331.666656494141 332.333343505859 330 330 337.666656494141 332.666656494141 328 327 341.666656494141 339.333343505859 326 338.333343505859 337.666656494141 343.666656494141 350.333343505859 351.333343505859 349.333343505859 344.333343505859 329 350 351.333343505859 351.666656494141 351.333343505859 336.333343505859 333.666656494141 270 269.666656494141 271.666656494141 274.333343505859 249.33332824707 249.66667175293 267.666656494141 251 272 257 255 257.666656494141 268 266.666656494141 263 270.333343505859 271 283.333343505859 277 267.666656494141 283.666656494141 299 314.333343505859 323
339.666656494141 343 338.333343505859 338.666656494141 339.333343505859 336.666656494141 334.666656494141 335.333343505859 329.333343505859 334.333343505859 331.666656494141 333 329 342.333343505859 327.333343505859 341.333343505859 334.666656494141 339.333343505859 336.666656494141 347 348 342.333343505859 341.666656494141 342 341.666656494141 327.333343505859 327.333343505859 346.666656494141 339.333343505859 338 337.333343505859 268.333343505859 253 270 268.333343505859 276 277 255.66667175293 257.666656494141 258.333343505859 258 257.333343505859 263.666656494141 273.666656494141 270.333343505859 273 263.333343505859 270.666656494141 274 275 273.666656494141 264.666656494141 289.333343505859 290.333343505859 310.666656494141
338.333343505859 338.666656494141 338.333343505859 341 338.666656494141 339.333343505859 332.333343505859 335 328.333343505859 333 334.333343505859 333.666656494141 331 340.333343505859 330.333343505859 346.666656494141 341 339.333343505859 346.333343505859 349 348.666656494141 345.666656494141 344 342.333343505859 338 340 339.666656494141 338 340.333343505859 338 335 254 255 326.666656494141 259.666656494141 258.666656494141 259.333343505859 276.333343505859 262.666656494141 261.333343505859 261.333343505859 257 257.333343505859 258 266 274.666656494141 273.333343505859 277 274.333343505859 276.666656494141 289.333343505859 279.333343505859 274.666656494141 273.666656494141 306
330.333343505859 331.333343505859 338.333343505859 339 340.666656494141 339.333343505859 337.666656494141 332.666656494141 332 337 338.666656494141 343.333343505859 343.333343505859 340.333343505859 334.666656494141 342.666656494141 345 343.666656494141 346.666656494141 345 340.333343505859 333 333 335.666656494141 338 341 341 340.666656494141 350 333 345.333343505859 346.666656494141 256.666656494141 269.666656494141 270.333343505859 258.333343505859 259.666656494141 260 263.333343505859 269 275 267.333343505859 267.333343505859 274.333343505859 274.666656494141 274.666656494141 275.666656494141 274.333343505859 275.333343505859 289 289.666656494141 295.666656494141 292.333343505859 290.666656494141 296.333343505859
330.333343505859 329.666656494141 329 337 337 335.333343505859 335.666656494141 333.333343505859 332.333343505859 333 334.666656494141 343.333343505859 343.333343505859 340.333343505859 338 337.333343505859 342 347.333343505859 347 343.333343505859 341.333343505859 333.333343505859 342.333343505859 340.666656494141 342 347 347.666656494141 329.666656494141 331 333.666656494141 353.666656494141 338.666656494141 338.333343505859 335.333343505859 243.66667175293 247.33332824707 257 260 260.666656494141 265 276.333343505859 260.666656494141 267.333343505859 276.666656494141 275 276.333343505859 267.333343505859 267.333343505859 268 290.333343505859 288.666656494141 307 295.666656494141 297.333343505859 298.333343505859
329.333343505859 331.333343505859 331.333343505859 331 335.666656494141 334.666656494141 334.666656494141 333.666656494141 334 334 334.666656494141 336.333343505859 336 345 342 337.666656494141 340.666656494141 343.666656494141 344.333343505859 343.333343505859 343.666656494141 343.333343505859 344 349.666656494141 349.666656494141 329.666656494141 329.333343505859 356.333343505859 335 340.666656494141 336.666656494141 338.333343505859 339 338.666656494141 332 242.33332824707 247.33332824707 258.666656494141 262 276.333343505859 258.666656494141 256.333343505859 258.333343505859 258.666656494141 261.666656494141 264.333343505859 264 274.333343505859 274.666656494141 277.666656494141 277.666656494141 277.666656494141 273 294 298.666656494141
328 329 329.666656494141 329.666656494141 328.666656494141 334.333343505859 334.333343505859 334.333343505859 332 331.666656494141 331.666656494141 335.666656494141 332.666656494141 338.333343505859 337.333343505859 339.333343505859 338.666656494141 337 340.666656494141 341.666656494141 343.666656494141 345.333343505859 341 345.333343505859 346.333343505859 348.666656494141 348 356.333343505859 332 336 339.333343505859 338.333343505859 338.666656494141 340.333343505859 336 323.333343505859 245 251.66667175293 257.666656494141 254.66667175293 254.66667175293 259.666656494141 275 262.333343505859 262.666656494141 274.333343505859 273.333343505859 267.333343505859 275 292 292.666656494141 301.666656494141 284.666656494141 292.666656494141 296.333343505859
327.666656494141 327.666656494141 325.333343505859 328.333343505859 335.333343505859 334.666656494141 334.333343505859 335.666656494141 332.333343505859 331.666656494141 330 333 333.333343505859 340 343.666656494141 341.666656494141 336 333.666656494141 336 342 343 342 342.666656494141 338.333343505859 342 343 346.333343505859 348.666656494141 333 336 338.333343505859 336.333343505859 339.333343505859 338.666656494141 335.333343505859 317.333343505859 325 258.333343505859 260 261.333343505859 260.666656494141 262.666656494141 276.666656494141 273.666656494141 273.666656494141 273 274.333343505859 276.666656494141 276.666656494141 284.333343505859 284.666656494141 282.333343505859 290 279 300.333343505859
327.666656494141 327 325.333343505859 327.666656494141 327 336.333343505859 335.666656494141 333.666656494141 331.333343505859 330.666656494141 330 329 332 339.333343505859 339 342.333343505859 337 277 280.333343505859 336.333343505859 340.666656494141 339 339.666656494141 338 340 343.666656494141 347.333343505859 351 331 336.333343505859 337.666656494141 338 338.666656494141 336.333343505859 327.333343505859 322.666656494141 326.333343505859 258.666656494141 337 268 360 268.333343505859 364.333343505859 275 278.333343505859 275.333343505859 279.666656494141 276.333343505859 277.333343505859 266.666656494141 263 285 293.333343505859 289 298.333343505859
327.666656494141 327.333343505859 329 336 334.666656494141 337.333343505859 337.333343505859 335 337 284.333343505859 287.666656494141 345.333343505859 342 337.666656494141 342.333343505859 338 336.333343505859 331.666656494141 333 339.333343505859 335.666656494141 340.333343505859 339.666656494141 342 345.666656494141 346.333343505859 350.666656494141 346.666656494141 332.666656494141 333.333343505859 338.666656494141 338 340 333.333343505859 336.333343505859 325 323.333343505859 335.333343505859 338 336.666656494141 265 341.666656494141 343 273.333343505859 267.666656494141 257.333343505859 259.666656494141 262.333343505859 260 258 260.333343505859 273.666656494141 273.333343505859 274 285.666656494141
325.333343505859 327.333343505859 335.666656494141 335.666656494141 335.333343505859 337 337 285 337 341 341.333343505859 354.666656494141 351 295.333343505859 349.333343505859 342 337.333343505859 337.666656494141 337 337 336.666656494141 339.333343505859 334 346.333343505859 350.666656494141 350.333343505859 346.333343505859 346.333343505859 348.666656494141 332 339 339 333.333343505859 328.333343505859 332.333343505859 327.333343505859 322.666656494141 335.333343505859 338 261.333343505859 263.333343505859 260 250.66667175293 246.66667175293 247 244.33332824707 250 245.66667175293 247.33332824707 263.666656494141 269 281.666656494141 282.666656494141 295.333343505859 293.666656494141
329.333343505859 328 288.333343505859 338.333343505859 337.666656494141 291 284 287.333343505859 286.666656494141 283 290.333343505859 298.666656494141 298.666656494141 298 296.666656494141 350.666656494141 290.666656494141 291.333343505859 337.666656494141 336.666656494141 336 336.666656494141 337.666656494141 342 350.666656494141 345.333343505859 345.666656494141 348.666656494141 350 348.666656494141 348.333343505859 350.666656494141 334 329.666656494141 328 323.333343505859 324.333343505859 322 322.333343505859 244 243.33332824707 243.33332824707 243.33332824707 243 243 243 243 243.66667175293 247 252.33332824707 253.66667175293 272 274.666656494141 372 377.666656494141
