mean_MH.asc
NCOLS 427 
NROWS 362 
XLLCORNER -9.541666667 
YLLCORNER 36 
CELLSIZE 0.0416666666674473 
NODATA_value -3.4e+38 
[rows 299 to 321 of 362, columns 51 to 101 of 427]
372.666656494141 379.777770996094 382 389.444458007812 399.777770996094 404.888885498047 431 433.111114501953 458.333343505859 417.777770996094 423.888885498047 452.666656494141 412 404.444458007812 349.444458007812 331.888885498047 308.222229003906 264.777770996094 227.555557250977 194.111114501953 157.111114501953 139.111114501953 95.1111145019531 88 86 82 81.2222213745117 81.1111145019531 81.5555572509766 76 78.6666641235352 87.3333358764648 84.6666641235352 85 87.8888854980469 92.3333358764648 93.4444427490234 90.1111145019531 86.8888854980469 90.4444427490234 96.7777786254883 93.7777786254883 97 94.1111145019531 96.1111145019531 99 96.6666641235352 91.6666641235352 89 85 82.4444427490234
366.888885498047 368.111114501953 351.666656494141 348.888885498047 383.555541992188 406.444458007812 429.777770996094 424.444458007812 466.555541992188 442.444458007812 437.444458007812 419.222229003906 413.555541992188 430.777770996094 409.888885498047 378 307.444458007812 273.666656494141 228.888885498047 192.888885498047 151.33332824707 134.555557250977 98 90.8888854980469 84.7777786254883 84 84.3333358764648 82 81.5555572509766 80.3333358764648 76 82.2222213745117 96.5555572509766 90 88.5555572509766 91.6666641235352 93.6666641235352 91.6666641235352 86.2222213745117 90.1111145019531 96.1111145019531 102.333335876465 99.7777786254883 97.8888854980469 96 96.3333358764648 96.5555572509766 92.7777786254883 87.2222213745117 84.8888854980469 86.4444427490234
356.555541992188 345.444458007812 331.111114501953 370.444458007812 382.555541992188 404.222229003906 431.333343505859 430.666656494141 422.777770996094 428.777770996094 475.555541992188 474.777770996094 431.222229003906 417.222229003906 421.444458007812 387.222229003906 345.777770996094 281 251.222229003906 196.777770996094 148 137.111114501953 94.2222213745117 87.7777786254883 88.4444427490234 84 84.2222213745117 83.3333358764648 82.2222213745117 81.5555572509766 80.6666641235352 78.5555572509766 85.1111145019531 89.1111145019531 90.8888854980469 90.5555572509766 90.1111145019531 88.8888854980469 88.5555572509766 91.3333358764648 94.7777786254883 100.666664123535 104.888885498047 100.222221374512 98.5555572509766 96.8888854980469 95.1111145019531 90.3333358764648 87.5555572509766 87.4444427490234 89.2222213745117
393.888885498047 312.222229003906 258.888885498047 314.333343505859 355.777770996094 382.444458007812 396.777770996094 437.333343505859 442.555541992188 431.444458007812 448.666656494141 428.333343505859 436.111114501953 407.666656494141 431.111114501953 400.222229003906 311.444458007812 277.333343505859 250.555557250977 202.555557250977 145.777770996094 122.888885498047 98.3333358764648 90.5555572509766 86.7777786254883 89.2222213745117 86.1111145019531 84.2222213745117 84.7777786254883 82.2222213745117 80.4444427490234 80.4444427490234 81.2222213745117 79.8888854980469 86.7777786254883 91.5555572509766 93.3333358764648 94.4444427490234 90.6666641235352 91.1111145019531 98.7777786254883 100.777778625488 100.666664123535 101 95.2222213745117 92.6666641235352 93.3333358764648 96.3333358764648 98.3333358764648 98.1111145019531 96
322.555541992188 307.777770996094 255.222229003906 311.666656494141 354.555541992188 382.111114501953 395.444458007812 401.111114501953 440.777770996094 435.222229003906 432.444458007812 468.111114501953 436.888885498047 425 421.888885498047 399.222229003906 359.222229003906 284.666656494141 242.111114501953 212.66667175293 164.111114501953 121.333335876465 98.3333358764648 91.2222213745117 92 91.3333358764648 90.8888854980469 87.2222213745117 86.1111145019531 85.3333358764648 82.4444427490234 80.6666641235352 84.1111145019531 84.6666641235352 83.8888854980469 84.8888854980469 87.5555572509766 96 93.7777786254883 91.5555572509766 94.6666641235352 95.8888854980469 97.3333358764648 96.7777786254883 95.3333358764648 93.3333358764648 98.2222213745117 97.7777786254883 97.7777786254883 100.555557250977 98.2222213745117
272.666656494141 277.222229003906 272.888885498047 320.444458007812 326 367.555541992188 403.222229003906 382.888885498047 447.666656494141 439.333343505859 437.222229003906 415.111114501953 444.555541992188 433.666656494141 441.888885498047 391 337.333343505859 300.555541992188 253.777770996094 202.66667175293 176.777770996094 127.777778625488 102.222221374512 92.4444427490234 92 91.2222213745117 91.5555572509766 91.1111145019531 89.2222213745117 88.4444427490234 86.6666641235352 83.2222213745117 83.5555572509766 85.4444427490234 91 91.2222213745117 88 86.5555572509766 89.6666641235352 90.6666641235352 91.8888854980469 92.4444427490234 93.4444427490234 93.8888854980469 97.7777786254883 99.1111145019531 99.5555572509766 101 99 98.7777786254883 99
271.666656494141 276.333343505859 271 271.444458007812 277.888885498047 287.333343505859 345.333343505859 380.333343505859 446.222229003906 417 410.666656494141 421.222229003906 405.777770996094 389.555541992188 419.555541992188 388.888885498047 338.333343505859 284.777770996094 275.444458007812 218.33332824707 197.777770996094 151.888885498047 103.777778625488 97.5555572509766 92.7777786254883 89.4444427490234 88.7777786254883 88.8888854980469 92.6666641235352 90.4444427490234 90 88.6666641235352 89.2222213745117 86.1111145019531 90.6666641235352 91.5555572509766 89 88.5555572509766 90.8888854980469 93.6666641235352 91.7777786254883 92.2222213745117 92.7777786254883 93.3333358764648 95.4444427490234 99.6666641235352 103.555557250977 100.444442749023 100.333335876465 100.222221374512 100.777778625488
249.888885498047 251.66667175293 283.222229003906 294.333343505859 287.333343505859 291.777770996094 357.444458007812 367.888885498047 378.555541992188 403.444458007812 421.555541992188 440.444458007812 418 406.111114501953 373.555541992188 369.555541992188 335 294.777770996094 266.111114501953 227.111114501953 197.555557250977 181 128.111114501953 93.8888854980469 92.2222213745117 94 90.3333358764648 90.3333358764648 93.7777786254883 94.2222213745117 92.7777786254883 91.6666641235352 91.4444427490234 90.8888854980469 91.5555572509766 92.3333358764648 92.1111145019531 92.7777786254883 91.1111145019531 94.8888854980469 95.4444427490234 96.1111145019531 94.3333358764648 94.1111145019531 95.6666641235352 100 103.111114501953 99.6666641235352 97.1111145019531 97.5555572509766 97.2222213745117
247.33332824707 252.33332824707 290.888885498047 297 291.888885498047 292.444458007812 333.111114501953 361.888885498047 372.333343505859 380.666656494141 402.111114501953 414.333343505859 423 403.222229003906 390 340.666656494141 315.666656494141 323.222229003906 298 233.444442749023 203.777770996094 185 136.777770996094 97.7777786254883 93.2222213745117 92.1111145019531 95 94.7777786254883 92.2222213745117 96.1111145019531 100.666664123535 93.5555572509766 97.4444427490234 94 93.5555572509766 93.3333358764648 94.1111145019531 94.2222213745117 91.4444427490234 95.4444427490234 96.8888854980469 93.2222213745117 90.2222213745117 89.5555572509766 98.4444427490234 102.333335876465 102.888885498047 99.2222213745117 96.2222213745117 94.6666641235352 99.1111145019531
237 241.222229003906 265.333343505859 292.888885498047 329.333343505859 340.777770996094 340.888885498047 369.555541992188 373.444458007812 378 383.444458007812 361.444458007812 392.444458007812 381.777770996094 366.222229003906 368 350.555541992188 364.666656494141 327 257.888885498047 204.888885498047 179.888885498047 150.444442749023 118.333335876465 95.2222213745117 91.5555572509766 93.1111145019531 95.4444427490234 89.5555572509766 91.5555572509766 93.3333358764648 93.2222213745117 98.1111145019531 102.666664123535 98 94.5555572509766 96.4444427490234 96 96.3333358764648 91.2222213745117 92.6666641235352 90.2222213745117 86.1111145019531 84.3333358764648 88.2222213745117 100 104.222221374512 100.444442749023 101.555557250977 101.888885498047 107.555557250977
231.555557250977 235.444442749023 255.222229003906 261.666656494141 272.555541992188 307.777770996094 301.777770996094 303.222229003906 309.444458007812 340.222229003906 356.444458007812 386.777770996094 423.777770996094 418.666656494141 386 411 383.888885498047 376.888885498047 316.666656494141 252.888885498047 230.777770996094 164.888885498047 149.888885498047 134.555557250977 96.7777786254883 94.2222213745117 93.4444427490234 96.6666641235352 90.5555572509766 86.1111145019531 88.6666641235352 88.7777786254883 89.2222213745117 99.2222213745117 103.888885498047 100.444442749023 97.3333358764648 95.7777786254883 90.5555572509766 89 86.7777786254883 85.8888854980469 85.8888854980469 83 82.4444427490234 88.2222213745117 97.3333358764648 98.5555572509766 104.333335876465 111.222221374512 107
219.33332824707 229.66667175293 246.555557250977 253.444442749023 263.888885498047 272.777770996094 289.444458007812 360.777770996094 346.222229003906 344 354.222229003906 361.555541992188 417.111114501953 468.444458007812 425 417.555541992188 395.333343505859 378.888885498047 346.111114501953 285.777770996094 229.444442749023 180.33332824707 145.555557250977 127.888885498047 102.666664123535 101 100.555557250977 99.6666641235352 96.5555572509766 94 86.2222213745117 82.2222213745117 82.8888854980469 86.5555572509766 90.3333358764648 96.8888854980469 107.222221374512 98.5555572509766 94.1111145019531 91.2222213745117 90.4444427490234 90.5555572509766 88.6666641235352 88.4444427490234 91.7777786254883 83.4444427490234 84.3333358764648 83.7777786254883 92.5555572509766 103 94.6666641235352
228 222.33332824707 243 254 266.333343505859 273.555541992188 301.333343505859 321 346.777770996094 375.444458007812 403 407 397.666656494141 398.777770996094 407.333343505859 408.333343505859 360.444458007812 363.222229003906 339.555541992188 319.111114501953 248.444442749023 191.111114501953 159.555557250977 130.444442749023 106.777778625488 105.333335876465 107 109.777778625488 106.888885498047 102.333335876465 90 89.8888854980469 84.7777786254883 81.1111145019531 85.3333358764648 90 94.1111145019531 105.111114501953 104.888885498047 99.5555572509766 99.5555572509766 97 89.8888854980469 84.1111145019531 87.5555572509766 81.4444427490234 90 86.1111145019531 81.3333358764648 88.8888854980469 96.4444427490234
231 234.777770996094 236.66667175293 229.222229003906 258.888885498047 282.222229003906 350 368.777770996094 400.222229003906 397.666656494141 406.222229003906 424.333343505859 415 415.666656494141 402.888885498047 424 400 376.555541992188 371.555541992188 339.666656494141 256.444458007812 225.33332824707 166.555557250977 150.222229003906 131.555557250977 127.666664123535 119.888885498047 122.222221374512 107.333335876465 100.555557250977 88.4444427490234 84.3333358764648 85.5555572509766 84.4444427490234 84.1111145019531 83 83.4444427490234 86.4444427490234 95.7777786254883 109.333335876465 107.333335876465 102.888885498047 98 95 84.1111145019531 83.1111145019531 81.7777786254883 80 76.8888854980469 82.7777786254883 89.3333358764648
227.111114501953 246.555557250977 272 235.555557250977 261.111114501953 302.777770996094 353.444458007812 389.666656494141 462.333343505859 451.333343505859 447.666656494141 487 506.222229003906 472.555541992188 400.222229003906 419.888885498047 403.777770996094 387.555541992188 401.444458007812 372.666656494141 288.222229003906 225.111114501953 196.444442749023 145 128.222229003906 114.666664123535 108.666664123535 101.888885498047 92.8888854980469 101.111114501953 107.333335876465 94.7777786254883 83.1111145019531 82.1111145019531 78.4444427490234 81.6666641235352 86.2222213745117 90 86.2222213745117 93 102.555557250977 105.888885498047 100.444442749023 102 101.222221374512 94.8888854980469 89.8888854980469 81.2222213745117 80.3333358764648 76.3333358764648 81.2222213745117
203.555557250977 226.33332824707 246.444442749023 294.888885498047 263.333343505859 267 327.888885498047 348 352.777770996094 367.777770996094 380.555541992188 403.777770996094 428.222229003906 527.777770996094 532.333312988281 459.222229003906 394.555541992188 397.333343505859 380.888885498047 359.111114501953 321.333343505859 275.555541992188 210.777770996094 186.444442749023 138.777770996094 117.666664123535 101.555557250977 91.4444427490234 86.8888854980469 88 90.2222213745117 99.8888854980469 100.444442749023 97.3333358764648 83.4444427490234 76.8888854980469 87.8888854980469 94.2222213745117 100.111114501953 97.8888854980469 92.5555572509766 97 100.777778625488 104.111114501953 107.333335876465 101.222221374512 98.6666641235352 96.7777786254883 91.2222213745117 83.1111145019531 76.2222213745117
204.33332824707 187.888885498047 202.444442749023 185.444442749023 179.777770996094 225.66667175293 275.333343505859 342.111114501953 357.777770996094 376 405.111114501953 443.666656494141 413.444458007812 502.777770996094 512 459.777770996094 470.444458007812 427.888885498047 402 371.111114501953 331.222229003906 306.333343505859 261.777770996094 189.33332824707 163 131.111114501953 104.111114501953 98.3333358764648 88.1111145019531 83.7777786254883 85.6666641235352 92.4444427490234 96.4444427490234 97.1111145019531 86.2222213745117 77.2222213745117 85.2222213745117 94.7777786254883 94.3333358764648 97.2222213745117 91.1111145019531 88.4444427490234 101.777778625488 109.444442749023 106 95.7777786254883 90.2222213745117 84.8888854980469 90 90 89.5555572509766
206.111114501953 174.777770996094 170.66667175293 169.33332824707 187.33332824707 228.33332824707 323.888885498047 338.111114501953 358 370.777770996094 403.555541992188 462.666656494141 498.777770996094 504.555541992188 530.333312988281 499.555541992188 506.222229003906 501.888885498047 479.444458007812 400.111114501953 361.444458007812 332.666656494141 267.777770996094 233.33332824707 177.66667175293 135.111114501953 106 94 89.8888854980469 86.4444427490234 83.6666641235352 84.3333358764648 87.2222213745117 83 78.7777786254883 77.1111145019531 81.4444427490234 86.1111145019531 89.1111145019531 88.4444427490234 87.7777786254883 97 98.6666641235352 102.555557250977 98.2222213745117 94.3333358764648 90.6666641235352 80.5555572509766 79.4444427490234 80.8888854980469 81.8888854980469
178.33332824707 173.222229003906 169.888885498047 169.555557250977 216 255.888885498047 321.666656494141 359.888885498047 437.666656494141 410.888885498047 448.222229003906 456.777770996094 519.888916015625 450.777770996094 423.888885498047 460.555541992188 459.222229003906 445.555541992188 389.444458007812 374.222229003906 366.333343505859 340.666656494141 293.888885498047 215.222229003906 201 156.33332824707 115.777778625488 99.5555572509766 87.7777786254883 84.7777786254883 81.1111145019531 84.4444427490234 83.7777786254883 78.6666641235352 73.4444427490234 70.6666641235352 79.5555572509766 83.2222213745117 80.7777786254883 83.7777786254883 80.1111145019531 86.2222213745117 90.5555572509766 91.4444427490234 89.8888854980469 87.4444427490234 90.4444427490234 81.5555572509766 75.6666641235352 73.4444427490234 78
179.111114501953 172.555557250977 171.444442749023 174.111114501953 209.777770996094 247.555557250977 332.444458007812 316.444458007812 329 328.222229003906 348.111114501953 373.666656494141 416.222229003906 385 391.555541992188 415.333343505859 385.777770996094 409.222229003906 386.111114501953 390.111114501953 352.111114501953 336.888885498047 284.555541992188 237.444442749023 188.222229003906 164.555557250977 119.666664123535 112.666664123535 89.8888854980469 87.4444427490234 82.8888854980469 83.3333358764648 80.8888854980469 79.2222213745117 71.2222213745117 66 70.8888854980469 81.4444427490234 77.8888854980469 78.2222213745117 77.4444427490234 78 79.1111145019531 80.3333358764648 79.8888854980469 80.2222213745117 79.2222213745117 77.3333358764648 77.8888854980469 77.4444427490234 76.5555572509766
163.777770996094 174.66667175293 173.66667175293 173.33332824707 189.444442749023 194.777770996094 202.777770996094 221.888885498047 231.777770996094 237.222229003906 263.888885498047 299.222229003906 375.888885498047 323.666656494141 311.444458007812 349.222229003906 352.111114501953 352.222229003906 352 400.111114501953 367.888885498047 356.777770996094 316.333343505859 273.333343505859 228.111114501953 179.33332824707 142.111114501953 118.111114501953 96.2222213745117 86.4444427490234 80.2222213745117 83.4444427490234 87 82.2222213745117 79.3333358764648 72.2222213745117 66.3333358764648 71.7777786254883 76.8888854980469 75.7777786254883 78.4444427490234 76.6666641235352 77.4444427490234 79.5555572509766 77.3333358764648 74.8888854980469 71.6666641235352 74.1111145019531 76.7777786254883 75.4444427490234 72.6666641235352
168.222229003906 169.66667175293 164.111114501953 175.777770996094 174 172.33332824707 179.777770996094 194.111114501953 219.444442749023 198.66667175293 206.444442749023 242.66667175293 262.888885498047 280.555541992188 262.666656494141 279.555541992188 334.111114501953 341.777770996094 336.111114501953 390 407.333343505859 376.555541992188 328.111114501953 310.333343505859 261.666656494141 206.222229003906 155 127.555557250977 101.444442749023 90.4444427490234 81.8888854980469 78.4444427490234 77 77.8888854980469 77.7777786254883 74.2222213745117 67.4444427490234 65.6666641235352 71.5555572509766 70.6666641235352 72.3333358764648 72.7777786254883 77.4444427490234 79.2222213745117 78.2222213745117 74.8888854980469 69.8888854980469 70 70 70.1111145019531 69.2222213745117
170.66667175293 167 164.222229003906 164.33332824707 176 174.444442749023 179.222229003906 189.444442749023 179.888885498047 168.33332824707 182.222229003906 192.33332824707 219.66667175293 256.777770996094 226.444442749023 297.111114501953 331.111114501953 363.888885498047 388.666656494141 389.333343505859 355.333343505859 335.333343505859 333.444458007812 336.444458007812 290.333343505859 250.111114501953 178 141 111 94.8888854980469 86.4444427490234 79.3333358764648 75.1111145019531 74.7777786254883 76.8888854980469 74.4444427490234 72.7777786254883 65.8888854980469 65.3333358764648 67.6666641235352 67.3333358764648 69.1111145019531 71.8888854980469 72 70.5555572509766 67.1111145019531 67.2222213745117 67.3333358764648 67.4444427490234 67.8888854980469 68.4444427490234
