mean_MH.asc
NCOLS 427 
NROWS 362 
XLLCORNER -9.541666667 
YLLCORNER 36 
CELLSIZE 0.0416666666674473 
NODATA_value -3.4e+38 
[rows 48 to 71 of 362, columns 220 to 274 of 427]
80.8888854980469 80.2222213745117 80 81.2222213745117 81.2222213745117 81.1111145019531 82.2222213745117 84 83.8888854980469 82.4444427490234 82.1111145019531 79.3333358764648 76.7777786254883 74.4444427490234 76.2222213745117 76.5555572509766 76.8888854980469 76.5555572509766 75.3333358764648 72.3333358764648 73.4444427490234 74.2222213745117 75.4444427490234 75.7777786254883 75.3333358764648 76.3333358764648 77.4444427490234 78.3333358764648 77.8888854980469 77.5555572509766 77.8888854980469 78.7777786254883 78.7777786254883 80.6666641235352 80.6666641235352 80.4444427490234 84 83.2222213745117 82.2222213745117 83.8888854980469 86 82.7777786254883 81.7777786254883 80.8888854980469 81.2222213745117 85.4444427490234 85.7777786254883 85.7777786254883 -3.4e+38 -3.4e+38 -3.4e+38 -3.4e+38 -3.4e+38 -3.4e+38 -3.4e+38
77.2222213745117 78.6666641235352 78.4444427490234 79.1111145019531 79 80 79.6666641235352 81.3333358764648 81.2222213745117 82.3333358764648 77.7777786254883 74.1111145019531 78.3333358764648 74.6666641235352 74.8888854980469 74.8888854980469 73.1111145019531 73.6666641235352 75.8888854980469 70.8888854980469 71.6666641235352 74 74.4444427490234 74.5555572509766 75 74.6666641235352 77.4444427490234 77.4444427490234 78.2222213745117 77.6666641235352 80.1111145019531 78.2222213745117 80.6666641235352 80.7777786254883 82.5555572509766 83.5555572509766 83.7777786254883 83 83.5555572509766 83.2222213745117 83.4444427490234 84.2222213745117 83 81.2222213745117 80.5555572509766 79.4444427490234 82.5555572509766 -3.4e+38 -3.4e+38 -3.4e+38 -3.4e+38 -3.4e+38 -3.4e+38 -3.4e+38 -3.4e+38
76.5555572509766 76.6666641235352 74.6666641235352 76.5555572509766 78.5555572509766 79.8888854980469 80.5555572509766 81.3333358764648 81 79.4444427490234 75.4444427490234 72.8888854980469 77.3333358764648 74.6666641235352 70.4444427490234 72 67.4444427490234 67.7777786254883 70.6666641235352 70.5555572509766 70 72.1111145019531 71.1111145019531 71.2222213745117 74.2222213745117 74.1111145019531 74.1111145019531 77.3333358764648 77 77.8888854980469 79.2222213745117 78.6666641235352 79.8888854980469 82 82.6666641235352 82.6666641235352 82.5555572509766 82.5555572509766 83.5555572509766 83.3333358764648 83.4444427490234 83 84.3333358764648 82.7777786254883 79.2222213745117 79 79.8888854980469 -3.4e+38 -3.4e+38 -3.4e+38 -3.4e+38 -3.4e+38 -3.4e+38 -3.4e+38 -3.4e+38
72.6666641235352 75.2222213745117 73.5555572509766 75.2222213745117 75.4444427490234 78.6666641235352 79.7777786254883 81.1111145019531 77.4444427490234 78 73.6666641235352 73.7777786254883 71 73.5555572509766 70.4444427490234 69.1111145019531 66.8888854980469 67 68 67.8888854980469 68.1111145019531 68.7777786254883 69.6666641235352 70.7777786254883 70.6666641235352 72.5555572509766 75.6666641235352 74.8888854980469 75.2222213745117 75 77.5555572509766 77.6666641235352 78.3333358764648 79 80.2222213745117 80.3333358764648 79.2222213745117 82 82.7777786254883 82.6666641235352 81.7777786254883 82 81.7777786254883 83.6666641235352 81.8888854980469 -3.4e+38 -3.4e+38 -3.4e+38 -3.4e+38 -3.4e+38 -3.4e+38 -3.4e+38 -3.4e+38 -3.4e+38 -3.4e+38
69.7777786254883 69.7777786254883 70.2222213745117 70.8888854980469 75.1111145019531 77 79 78.7777786254883 78.5555572509766 76.1111145019531 70 62.1111106872559 69.7777786254883 71.1111145019531 70.8888854980469 68 60.6666679382324 59.6666679382324 60 66.6666641235352 67.1111145019531 65.3333358764648 65.7777786254883 67 69.3333358764648 70.8888854980469 73.7777786254883 73.1111145019531 75.3333358764648 75.3333358764648 77 77.1111145019531 77.2222213745117 77.6666641235352 78.8888854980469 80.1111145019531 81 82 82.1111145019531 82.6666641235352 82.1111145019531 82.1111145019531 81.8888854980469 82.7777786254883 84.1111145019531 -3.4e+38 -3.4e+38 -3.4e+38 -3.4e+38 -3.4e+38 -3.4e+38 -3.4e+38 -3.4e+38 -3.4e+38 -3.4e+38
75.7777786254883 72.8888854980469 71.7777786254883 70.7777786254883 70 70.6666641235352 74.1111145019531 77.3333358764648 78.7777786254883 77.8888854980469 75.5555572509766 73.7777786254883 63.6666679382324 62.8888893127441 65.2222213745117 64.1111145019531 57.6666679382324 55.6666679382324 57.8888893127441 60.6666679382324 61.3333320617676 60.2222213745117 60.8888893127441 65.1111145019531 66 67.7777786254883 73 71.2222213745117 72.6666641235352 75.1111145019531 75.8888854980469 77.1111145019531 76.5555572509766 77.4444427490234 78.2222213745117 79.5555572509766 79.8888854980469 80.1111145019531 80.2222213745117 81.6666641235352 81.8888854980469 83 82.8888854980469 82.7777786254883 83.7777786254883 -3.4e+38 -3.4e+38 -3.4e+38 -3.4e+38 -3.4e+38 -3.4e+38 -3.4e+38 -3.4e+38 -3.4e+38 -3.4e+38
71.7777786254883 72.4444427490234 70.3333358764648 70.6666641235352 70.3333358764648 65.4444427490234 70.1111145019531 65.7777786254883 68.6666641235352 73.2222213745117 76.1111145019531 74.6666641235352 66.3333358764648 65.3333358764648 58.5555572509766 59.3333320617676 57.3333320617676 52 54.7777786254883 55.2222213745117 59.3333320617676 55.2222213745117 57 57.4444427490234 64.5555572509766 67.7777786254883 69.2222213745117 72.4444427490234 72.6666641235352 74.8888854980469 77.2222213745117 77.7777786254883 76.2222213745117 76.4444427490234 78.1111145019531 79.1111145019531 80.2222213745117 -3.4e+38 80.6666641235352 82.1111145019531 -3.4e+38 83.4444427490234 -3.4e+38 -3.4e+38 -3.4e+38 -3.4e+38 -3.4e+38 -3.4e+38 -3.4e+38 -3.4e+38 -3.4e+38 -3.4e+38 -3.4e+38 -3.4e+38 -3.4e+38
67.1111145019531 70.3333358764648 71.7777786254883 67.4444427490234 65.8888854980469 65.5555572509766 67.5555572509766 68.2222213745117 66.2222213745117 63.5555572509766 64.7777786254883 66.2222213745117 67.2222213745117 63.8888893127441 55.3333320617676 55.4444427490234 60.2222213745117 53.6666679382324 51 51 51.4444427490234 55 56.6666679382324 59 61.4444427490234 65.4444427490234 68.7777786254883 67.1111145019531 72 72.7777786254883 77.2222213745117 77.5555572509766 76.2222213745117 76.4444427490234 77.8888854980469 79.1111145019531 80.2222213745117 -3.4e+38 -3.4e+38 82.3333358764648 82.2222213745117 82.5555572509766 -3.4e+38 -3.4e+38 -3.4e+38 -3.4e+38 -3.4e+38 -3.4e+38 -3.4e+38 -3.4e+38 -3.4e+38 -3.4e+38 -3.4e+38 -3.4e+38 -3.4e+38
68.1111145019531 65.3333358764648 66 66.8888854980469 68.6666641235352 69.7777786254883 68.4444427490234 68.4444427490234 66.4444427490234 65.8888854980469 64.8888854980469 58.2222213745117 60.2222213745117 58.5555572509766 58.7777786254883 55.8888893127441 54.4444427490234 53.1111106872559 53.1111106872559 54.3333320617676 57.2222213745117 58.2222213745117 58 57.4444427490234 59.5555572509766 62.5555572509766 67.4444427490234 66.1111145019531 67.4444427490234 72.8888854980469 74.2222213745117 77.5555572509766 77.5555572509766 76.1111145019531 75.1111145019531 76.7777786254883 78.1111145019531 77.7777786254883 -3.4e+38 -3.4e+38 -3.4e+38 -3.4e+38 -3.4e+38 -3.4e+38 -3.4e+38 -3.4e+38 -3.4e+38 -3.4e+38 -3.4e+38 -3.4e+38 -3.4e+38 -3.4e+38 -3.4e+38 -3.4e+38 -3.4e+38
67.2222213745117 66 63.1111106872559 64.3333358764648 64.8888854980469 68.2222213745117 68.3333358764648 65.5555572509766 66.1111145019531 60.7777786254883 61.5555572509766 61.6666679382324 60.8888893127441 59.2222213745117 59.5555572509766 58.1111106872559 55.8888893127441 52.4444427490234 52.7777786254883 52 52 52.8888893127441 57.1111106872559 59.3333320617676 59.8888893127441 60.3333320617676 64.3333358764648 67 67.4444427490234 68.2222213745117 73 73.5555572509766 73.8888854980469 74.1111145019531 75.1111145019531 76.2222213745117 77.2222213745117 -3.4e+38 -3.4e+38 -3.4e+38 -3.4e+38 -3.4e+38 -3.4e+38 -3.4e+38 -3.4e+38 -3.4e+38 -3.4e+38 -3.4e+38 -3.4e+38 -3.4e+38 -3.4e+38 -3.4e+38 -3.4e+38 -3.4e+38 -3.4e+38
65 63.3333320617676 63.3333320617676 61.6666679382324 63.3333320617676 64.6666641235352 60.4444427490234 58.7777786254883 57.8888893127441 58.1111106872559 61 61.2222213745117 60.3333320617676 59.6666679382324 59.5555572509766 59.7777786254883 58.6666679382324 56.5555572509766 56.1111106872559 57.4444427490234 56.8888893127441 55.6666679382324 58.3333320617676 53.1111106872559 56.6666679382324 59.1111106872559 63.2222213745117 65.2222213745117 64.8888854980469 65.6666641235352 65.3333358764648 69.1111145019531 69.6666641235352 73.3333358764648 74.1111145019531 73.6666641235352 -3.4e+38 -3.4e+38 -3.4e+38 -3.4e+38 -3.4e+38 -3.4e+38 -3.4e+38 -3.4e+38 -3.4e+38 -3.4e+38 -3.4e+38 -3.4e+38 -3.4e+38 -3.4e+38 -3.4e+38 -3.4e+38 -3.4e+38 -3.4e+38 -3.4e+38
62.8888893127441 60.3333320617676 60.5555572509766 55.2222213745117 56 58.2222213745117 55.4444427490234 53.3333320617676 51.1111106872559 52.8888893127441 57.4444427490234 58.3333320617676 60.4444427490234 59.5555572509766 59.1111106872559 59.3333320617676 59.1111106872559 59.6666679382324 60.7777786254883 60.8888893127441 57.6666679382324 56.5555572509766 54.1111106872559 52.6666679382324 53.3333320617676 57.8888893127441 59.3333320617676 59.7777786254883 59.6666679382324 59.5555572509766 62.8888893127441 61.6666679382324 64.3333358764648 70.8888854980469 72.7777786254883 74.7777786254883 -3.4e+38 -3.4e+38 -3.4e+38 -3.4e+38 -3.4e+38 -3.4e+38 -3.4e+38 -3.4e+38 -3.4e+38 -3.4e+38 -3.4e+38 -3.4e+38 -3.4e+38 -3.4e+38 -3.4e+38 -3.4e+38 -3.4e+38 -3.4e+38 -3.4e+38
66.7777786254883 63.6666679382324 61.6666679382324 55.1111106872559 53.3333320617676 53.7777786254883 51.7777786254883 50.3333320617676 48.5555572509766 50.7777786254883 50.8888893127441 51.8888893127441 56.2222213745117 59.1111106872559 60 60.8888893127441 62.1111106872559 60.7777786254883 60.8888893127441 61.8888893127441 61.5555572509766 59.8888893127441 54.8888893127441 56.8888893127441 60.7777786254883 62.1111106872559 63 63.3333320617676 62 61.4444427490234 59.5555572509766 59 58.6666679382324 -3.4e+38 -3.4e+38 -3.4e+38 -3.4e+38 -3.4e+38 -3.4e+38 -3.4e+38 -3.4e+38 -3.4e+38 -3.4e+38 -3.4e+38 -3.4e+38 -3.4e+38 -3.4e+38 -3.4e+38 -3.4e+38 -3.4e+38 -3.4e+38 -3.4e+38 -3.4e+38 -3.4e+38 -3.4e+38
66.5555572509766 64.6666641235352 62.3333320617676 57.3333320617676 54.4444427490234 52.8888893127441 52.7777786254883 54.2222213745117 51.8888893127441 49.4444427490234 52.2222213745117 54.1111106872559 60.6666679382324 61.2222213745117 63.1111106872559 62.4444427490234 62.7777786254883 62.4444427490234 62.8888893127441 62.1111106872559 59.3333320617676 58.4444427490234 59.2222213745117 63.5555572509766 63.1111106872559 62.5555572509766 64.4444427490234 63.8888893127441 63 63 64.5555572509766 64 64 -3.4e+38 -3.4e+38 -3.4e+38 -3.4e+38 -3.4e+38 -3.4e+38 -3.4e+38 -3.4e+38 -3.4e+38 -3.4e+38 -3.4e+38 -3.4e+38 -3.4e+38 -3.4e+38 -3.4e+38 -3.4e+38 -3.4e+38 -3.4e+38 -3.4e+38 -3.4e+38 -3.4e+38 -3.4e+38
68.7777786254883 66.4444427490234 64.6666641235352 60.3333320617676 57.4444427490234 52.6666679382324 52.8888893127441 56.4444427490234 56.7777786254883 59.6666679382324 61 61.1111106872559 62.2222213745117 63.1111106872559 63 63 63.3333320617676 62.6666679382324 62.7777786254883 62 61 63.5555572509766 67.4444427490234 67.3333358764648 67.5555572509766 65.7777786254883 64.8888854980469 62.7777786254883 65.4444427490234 65.6666641235352 64.7777786254883 -3.4e+38 -3.4e+38 -3.4e+38 -3.4e+38 -3.4e+38 -3.4e+38 -3.4e+38 -3.4e+38 -3.4e+38 -3.4e+38 -3.4e+38 -3.4e+38 -3.4e+38 -3.4e+38 -3.4e+38 -3.4e+38 -3.4e+38 -3.4e+38 -3.4e+38 -3.4e+38 -3.4e+38 -3.4e+38 -3.4e+38 -3.4e+38
67 65 58.8888893127441 55.2222213745117 54.1111106872559 52.6666679382324 54.2222213745117 59.4444427490234 61 63 62.7777786254883 62.8888893127441 63 62.7777786254883 61.1111106872559 58.1111106872559 60.8888893127441 63.2222213745117 62.7777786254883 62 63.1111106872559 64 68.1111145019531 67.3333358764648 68.1111145019531 67.7777786254883 67.1111145019531 68.1111145019531 67.8888854980469 64.8888854980469 68.3333358764648 -3.4e+38 -3.4e+38 -3.4e+38 -3.4e+38 -3.4e+38 -3.4e+38 -3.4e+38 -3.4e+38 -3.4e+38 -3.4e+38 -3.4e+38 -3.4e+38 -3.4e+38 -3.4e+38 -3.4e+38 -3.4e+38 -3.4e+38 -3.4e+38 -3.4e+38 -3.4e+38 -3.4e+38 -3.4e+38 -3.4e+38 -3.4e+38
66.4444427490234 64.5555572509766 57.2222213745117 54.3333320617676 57.8888893127441 60.4444427490234 61 61.7777786254883 63.2222213745117 62 62.3333320617676 63.1111106872559 62.2222213745117 57 56.1111106872559 57 56.3333320617676 61.1111106872559 63.8888893127441 63.2222213745117 61.4444427490234 61.7777786254883 61.6666679382324 59.8888893127441 61.7777786254883 65.6666641235352 66.2222213745117 67.7777786254883 68.1111145019531 70.2222213745117 -3.4e+38 -3.4e+38 -3.4e+38 -3.4e+38 -3.4e+38 -3.4e+38 -3.4e+38 -3.4e+38 -3.4e+38 -3.4e+38 -3.4e+38 -3.4e+38 -3.4e+38 -3.4e+38 -3.4e+38 -3.4e+38 -3.4e+38 -3.4e+38 -3.4e+38 -3.4e+38 -3.4e+38 -3.4e+38 -3.4e+38 -3.4e+38 -3.4e+38
61.8888893127441 65.4444427490234 61.6666679382324 60.7777786254883 59.5555572509766 59.4444427490234 60.8888893127441 62.3333320617676 61.4444427490234 61.3333320617676 63 64.4444427490234 66 62.2222213745117 65.7777786254883 63 63 65.4444427490234 66.5555572509766 68.5555572509766 67.5555572509766 65.3333358764648 63.5555572509766 64.4444427490234 65.3333358764648 65 66 69.1111145019531 67.5555572509766 68.6666641235352 -3.4e+38 -3.4e+38 -3.4e+38 -3.4e+38 -3.4e+38 -3.4e+38 -3.4e+38 -3.4e+38 -3.4e+38 -3.4e+38 -3.4e+38 -3.4e+38 -3.4e+38 -3.4e+38 -3.4e+38 -3.4e+38 -3.4e+38 -3.4e+38 -3.4e+38 -3.4e+38 -3.4e+38 -3.4e+38 -3.4e+38 -3.4e+38 -3.4e+38
62.1111106872559 61.7777786254883 62.5555572509766 63.1111106872559 62.3333320617676 63.7777786254883 66.1111145019531 67.2222213745117 66.1111145019531 66.1111145019531 69.2222213745117 69.5555572509766 68.3333358764648 68.5555572509766 67.8888854980469 65.8888854980469 67 69.3333358764648 70.5555572509766 70.6666641235352 68 66.6666641235352 65.3333358764648 66.5555572509766 64.7777786254883 66.3333358764648 70.2222213745117 70.3333358764648 71.5555572509766 -3.4e+38 -3.4e+38 -3.4e+38 -3.4e+38 -3.4e+38 -3.4e+38 -3.4e+38 -3.4e+38 -3.4e+38 -3.4e+38 -3.4e+38 -3.4e+38 -3.4e+38 -3.4e+38 -3.4e+38 -3.4e+38 -3.4e+38 -3.4e+38 -3.4e+38 -3.4e+38 -3.4e+38 -3.4e+38 -3.4e+38 -3.4e+38 -3.4e+38 -3.4e+38
59.6666679382324 59 59.8888893127441 61.2222213745117 64.5555572509766 63.8888893127441 65.5555572509766 66.3333358764648 66.4444427490234 69.7777786254883 71.5555572509766 71.4444427490234 71.3333358764648 71.1111145019531 70.6666641235352 70.4444427490234 69.7777786254883 71.1111145019531 71.6666641235352 71.6666641235352 69.8888854980469 65.8888854980469 66.5555572509766 67.5555572509766 65.7777786254883 68 69.8888854980469 64.5555572509766 64 -3.4e+38 -3.4e+38 -3.4e+38 -3.4e+38 -3.4e+38 -3.4e+38 -3.4e+38 -3.4e+38 -3.4e+38 -3.4e+38 -3.4e+38 -3.4e+38 -3.4e+38 -3.4e+38 -3.4e+38 -3.4e+38 -3.4e+38 -3.4e+38 -3.4e+38 -3.4e+38 -3.4e+38 -3.4e+38 -3.4e+38 -3.4e+38 -3.4e+38 -3.4e+38
59.7777786254883 58.3333320617676 58.6666679382324 60.3333320617676 64.1111145019531 62.3333320617676 60.2222213745117 60.8888893127441 63.5555572509766 66.6666641235352 71.7777786254883 70.6666641235352 71.8888854980469 72.1111145019531 72.1111145019531 72.2222213745117 73.2222213745117 72.4444427490234 72 71.4444427490234 69.2222213745117 64.2222213745117 64.4444427490234 66.6666641235352 68.2222213745117 68.6666641235352 66.2222213745117 64.2222213745117 60.8888893127441 -3.4e+38 -3.4e+38 -3.4e+38 -3.4e+38 -3.4e+38 -3.4e+38 -3.4e+38 -3.4e+38 -3.4e+38 -3.4e+38 -3.4e+38 -3.4e+38 -3.4e+38 -3.4e+38 -3.4e+38 -3.4e+38 -3.4e+38 -3.4e+38 -3.4e+38 -3.4e+38 -3.4e+38 -3.4e+38 -3.4e+38 -3.4e+38 -3.4e+38 -3.4e+38
64.7777786254883 61.7777786254883 64.1111145019531 63.7777786254883 61.8888893127441 61.8888893127441 61.6666679382324 64.6666641235352 68.8888854980469 71.2222213745117 71.6666641235352 72.4444427490234 72.4444427490234 72.4444427490234 72.4444427490234 72.3333358764648 71.2222213745117 71.5555572509766 71.3333358764648 69.6666641235352 66.1111145019531 65.3333358764648 66 67.7777786254883 70.4444427490234 67.2222213745117 65.7777786254883 63.6666679382324 -3.4e+38 -3.4e+38 -3.4e+38 -3.4e+38 -3.4e+38 -3.4e+38 -3.4e+38 -3.4e+38 -3.4e+38 -3.4e+38 -3.4e+38 -3.4e+38 -3.4e+38 -3.4e+38 -3.4e+38 -3.4e+38 -3.4e+38 -3.4e+38 -3.4e+38 -3.4e+38 -3.4e+38 -3.4e+38 -3.4e+38 -3.4e+38 -3.4e+38 -3.4e+38 -3.4e+38
70.6666641235352 67.1111145019531 63.7777786254883 63.7777786254883 65.8888854980469 67.4444427490234 67.4444427490234 67.5555572509766 68.8888854980469 69 68.3333358764648 71.7777786254883 71.8888854980469 73.6666641235352 72.6666641235352 72.1111145019531 72.7777786254883 71.7777786254883 70.4444427490234 67.7777786254883 67.1111145019531 67 67.7777786254883 70.6666641235352 70.5555572509766 69 65.8888854980469 -3.4e+38 -3.4e+38 -3.4e+38 -3.4e+38 -3.4e+38 -3.4e+38 -3.4e+38 -3.4e+38 -3.4e+38 -3.4e+38 -3.4e+38 -3.4e+38 -3.4e+38 -3.4e+38 -3.4e+38 -3.4e+38 -3.4e+38 -3.4e+38 -3.4e+38 -3.4e+38 -3.4e+38 -3.4e+38 -3.4e+38 -3.4e+38 -3.4e+38 -3.4e+38 -3.4e+38 -3.4e+38
72.2222213745117 67.2222213745117 65.5555572509766 65.4444427490234 67.3333358764648 67.7777786254883 68.8888854980469 69.5555572509766 68.6666641235352 68 68.5555572509766 69.3333358764648 71.7777786254883 73.8888854980469 73.3333358764648 72.7777786254883 73 72.5555572509766 72.1111145019531 71 71.3333358764648 71.1111145019531 71.4444427490234 70.6666641235352 69.3333358764648 67.3333358764648 66.2222213745117 -3.4e+38 -3.4e+38 -3.4e+38 -3.4e+38 -3.4e+38 -3.4e+38 -3.4e+38 -3.4e+38 -3.4e+38 -3.4e+38 -3.4e+38 -3.4e+38 -3.4e+38 -3.4e+38 -3.4e+38 -3.4e+38 -3.4e+38 -3.4e+38 -3.4e+38 -3.4e+38 -3.4e+38 -3.4e+38 -3.4e+38 -3.4e+38 -3.4e+38 -3.4e+38 -3.4e+38 -3.4e+38
