mean_LGM.asc
NCOLS 429 
NROWS 360 
XLLCORNER -9.666666667 
YLLCORNER 36.083333333 
CELLSIZE 0.0416666666666667 
NODATA_value -3.4e+38 
[rows 192 to 215 of 360, columns 110 to 164 of 429]
193 172.66667175293 177 191 196.66667175293 192.66667175293 202.33332824707 202.33332824707 192.33332824707 217.66667175293 232 237 207.66667175293 198.33332824707 301 197.33332824707 198 195 194.66667175293 187 229 208 226.66667175293 174.66667175293 161.66667175293 192.66667175293 253.66667175293 256.333343505859 186.33332824707 159.66667175293 234.66667175293 195.66667175293 222.66667175293 220 186 182 173.66667175293 149.33332824707 156.66667175293 176.33332824707 175.66667175293 156 113.333335876465 146.66667175293 174 132 88.6666641235352 82.6666641235352 80 77 78 85.6666641235352 109 173.33332824707 161.66667175293
203.33332824707 204.66667175293 200.66667175293 205 198 198 206.33332824707 203.66667175293 202.33332824707 201.66667175293 199 207 204 206 219 197.33332824707 194.33332824707 197.33332824707 209 251.66667175293 242 268.333343505859 297.666656494141 168.33332824707 253.33332824707 206 178.66667175293 169 175 174.33332824707 154 154.33332824707 160.33332824707 164.66667175293 138.33332824707 159.66667175293 172.33332824707 166.33332824707 146.33332824707 144.66667175293 153 162.33332824707 153.66667175293 155.33332824707 173 180.66667175293 176.66667175293 175.33332824707 100.333335876465 82.3333358764648 86.3333358764648 85.6666641235352 100.666664123535 167.33332824707 170.33332824707
240.66667175293 229 239 210 205.33332824707 212.33332824707 218.33332824707 209.33332824707 211 216 212 213.33332824707 206 261.333343505859 293.333343505859 241.33332824707 206.33332824707 192 205.33332824707 222.33332824707 317 201 188.33332824707 209 183.33332824707 190.66667175293 184 180 188.66667175293 189.66667175293 191.66667175293 195.33332824707 176.33332824707 145 133.33332824707 122.666664123535 143.33332824707 170 148.33332824707 155.33332824707 167.66667175293 170 188 171.33332824707 152.33332824707 164.33332824707 187 187 190.33332824707 98.6666641235352 94.6666641235352 157 113.333335876465 155 175
217.66667175293 210.33332824707 218 218.66667175293 220 236.33332824707 216.66667175293 223.33332824707 212.66667175293 237.66667175293 217 228.33332824707 266.333343505859 277 321.666656494141 295.666656494141 235.33332824707 211 276.666656494141 269 323 378.333343505859 353 372.333343505859 364.333343505859 278.333343505859 315.333343505859 244 216.66667175293 349.666656494141 333.666656494141 187.66667175293 224.66667175293 277.666656494141 239 131.66667175293 150.33332824707 143 141 184.33332824707 194.66667175293 191.66667175293 178 178.66667175293 211 205 197.33332824707 175.33332824707 166.66667175293 201.33332824707 190 189.33332824707 150 150.33332824707 166.33332824707
264.333343505859 280 240 293 276 240 280 284.333343505859 292 278.333343505859 270.666656494141 319.333343505859 262.333343505859 406 375.666656494141 355.333343505859 379 336.333343505859 339.666656494141 338 376.666656494141 331.333343505859 334 266 336.666656494141 309 334.333343505859 234 196 310 343 207 162.33332824707 182 187 161 182.66667175293 171 152.33332824707 177.66667175293 244.66667175293 233.33332824707 192.33332824707 302 250.66667175293 195.66667175293 216.66667175293 213.33332824707 188.33332824707 228 211.66667175293 188.33332824707 174.66667175293 204 177
229.33332824707 232.66667175293 241.66667175293 238.66667175293 279 229.66667175293 287.666656494141 256.333343505859 265.333343505859 270.333343505859 275.333343505859 275.333343505859 308.666656494141 376 264 254.66667175293 317.333343505859 338 356.666656494141 315.333343505859 354.333343505859 252 406.333343505859 417.666656494141 248 244.66667175293 442.333343505859 334.333343505859 177.66667175293 247.33332824707 230 201 172.33332824707 325 329 224.66667175293 294.333343505859 332 245.33332824707 159 177.33332824707 190 178.66667175293 244.33332824707 296.666656494141 255.33332824707 191.33332824707 191.33332824707 174.33332824707 236.66667175293 229 221 190 235.66667175293 190.66667175293
266.333343505859 265.333343505859 281.666656494141 274.666656494141 323.666656494141 247.33332824707 321.666656494141 307.666656494141 247.66667175293 268 268.333343505859 391 352.333343505859 460.666656494141 477 454 450 302.666656494141 268.666656494141 268 242.66667175293 305.666656494141 253.66667175293 243 212.33332824707 216.33332824707 223.33332824707 205 271.666656494141 362.666656494141 269.333343505859 222 202 400.666656494141 399 389.333343505859 300.333343505859 201.33332824707 280.333343505859 273.333343505859 167.33332824707 162.66667175293 193.66667175293 192 209 299.666656494141 320 250.66667175293 171.33332824707 165.66667175293 215.66667175293 199.66667175293 190.33332824707 199.66667175293 169.33332824707
296.666656494141 314.333343505859 290.666656494141 295 248.33332824707 274 263.666656494141 275.666656494141 290.666656494141 289.666656494141 289.666656494141 282 289.666656494141 288 274.666656494141 397.666656494141 459.333343505859 459.333343505859 314.333343505859 250.66667175293 236 280 478.333343505859 463.333343505859 387.666656494141 386 314.333343505859 442.666656494141 476.666656494141 496 417 288.666656494141 453.333343505859 444 449.666656494141 441 423 306.666656494141 294.666656494141 289.333343505859 284.333343505859 201.66667175293 193.66667175293 172.33332824707 174.66667175293 180.33332824707 273.666656494141 273 163.33332824707 186 207.66667175293 214 176 171.33332824707 182
329.666656494141 263.333343505859 326.666656494141 307 293 312.333343505859 305.666656494141 303.333343505859 306 305.333343505859 296.333343505859 299.333343505859 295 295 287.666656494141 247.66667175293 345.333343505859 480.333343505859 341 246 386.333343505859 444.666656494141 400 408.666656494141 462.333343505859 457.666656494141 410.666656494141 469 492.666656494141 449.333343505859 279 349.333343505859 467 470 429 441.666656494141 455.333343505859 309.333343505859 252 229.33332824707 347 370.666656494141 290 251.33332824707 299.666656494141 387.333343505859 371.666656494141 253.33332824707 174.66667175293 175 179.33332824707 175 188 184.66667175293 196.33332824707
332 253.33332824707 270.666656494141 328.333343505859 331 324 332.666656494141 330 330 328.666656494141 288.666656494141 271 327 492.666656494141 271 249.66667175293 240.33332824707 290.666656494141 289 273 416.333343505859 506.333343505859 484.666656494141 512.666687011719 501.666656494141 471 421.333343505859 486.666656494141 369.333343505859 488.333343505859 452.666656494141 481.666656494141 444 495.666656494141 466.333343505859 421.666656494141 440 436 236.66667175293 221 293.666656494141 356.333343505859 363.333343505859 323.333343505859 322.666656494141 397.666656494141 389 233.33332824707 199.33332824707 178.66667175293 181.66667175293 184.33332824707 180.66667175293 180.33332824707 217
275.333343505859 258 275.666656494141 339.333343505859 337.333343505859 336 292.333343505859 346.666656494141 335 292.666656494141 273 253 290 263.333343505859 310 253.66667175293 259.666656494141 248.66667175293 250.66667175293 378 523.666687011719 548 549 479 535.666687011719 538.666687011719 539.333312988281 523 523.666687011719 514.333312988281 539.666687011719 527.333312988281 500.333343505859 461.333343505859 479 455.666656494141 478.333343505859 368 251 245.66667175293 250.66667175293 246.33332824707 242.66667175293 241.33332824707 255.66667175293 254.66667175293 291 303 281.333343505859 228 228.66667175293 233.66667175293 205 195.33332824707 241.33332824707
282 262.666656494141 314.333343505859 337.333343505859 341.333343505859 335 269.333343505859 332 335 295.666656494141 264 254.33332824707 264 269.666656494141 258.666656494141 286.333343505859 256 240 256.333343505859 302.333343505859 284.333343505859 294.666656494141 328.666656494141 319 486.333343505859 540.666687011719 503.666656494141 555.666687011719 572 554.666687011719 563.333312988281 570.666687011719 506.333343505859 497 542 496.666656494141 311.333343505859 358.666656494141 291.333343505859 277.666656494141 277.333343505859 266.333343505859 286.666656494141 281.666656494141 300.666656494141 300.333343505859 315 299.666656494141 301.666656494141 243.66667175293 229.66667175293 233 229 207 225.66667175293
283 284.666656494141 283.666656494141 314.333343505859 309 289.333343505859 278.333343505859 276.666656494141 293.333343505859 278 365 270.333343505859 265.666656494141 280 311 262 266.666656494141 262 253.33332824707 282 281.666656494141 285.333343505859 290.333343505859 311.333343505859 313.666656494141 345.333343505859 403.333343505859 552.666687011719 573 581 571.333312988281 571.666687011719 565.666687011719 575.333312988281 565 464.333343505859 363 361.666656494141 436 408.333343505859 462 371.333343505859 361.333343505859 400.333343505859 343.666656494141 341.666656494141 339.333343505859 352 263.333343505859 244.66667175293 233 234 226.66667175293 224 224
286.666656494141 278.333343505859 285 294.333343505859 298.666656494141 286.333343505859 278.666656494141 272.333343505859 276.333343505859 275.666656494141 278 280 264.333343505859 263.666656494141 281.333343505859 276.333343505859 293 287 273.666656494141 263.666656494141 288 292.333343505859 312.333343505859 312.333343505859 332.333343505859 321.333343505859 366.666656494141 580.333312988281 585.666687011719 589.666687011719 590 586 579.666687011719 588.333312988281 583.333312988281 540.666687011719 520.333312988281 538.333312988281 531.333312988281 528 525 469.666656494141 435.333343505859 412 391 369 381.666656494141 372.666656494141 285.333343505859 262.666656494141 261.666656494141 251.66667175293 263 255.33332824707 251.33332824707
296 292 289.333343505859 289.333343505859 294 300.333343505859 285.333343505859 268 276.333343505859 273 267.666656494141 271 281.333343505859 269.333343505859 263.333343505859 286 274.333343505859 274 298.666656494141 282.666656494141 285.333343505859 307.333343505859 314 316.666656494141 332.666656494141 338.333343505859 477.666656494141 540 595.333312988281 599.666687011719 583.666687011719 595.666687011719 601.333312988281 596.666687011719 593.666687011719 565 557.333312988281 552 536.666687011719 542.333312988281 522.333312988281 515.666687011719 480 490.666656494141 475.666656494141 389 368.333343505859 327.666656494141 307 294.666656494141 280.333343505859 280 278.666656494141 281.333343505859 292.333343505859
283.333343505859 287 282.666656494141 308.333343505859 295 294 305.666656494141 278.333343505859 287 272.333343505859 275 271.333343505859 266 269 262.333343505859 261 261.666656494141 276 279.333343505859 272.333343505859 294.333343505859 298 310.333343505859 310.333343505859 324.333343505859 355.333343505859 555 543.333312988281 595.666687011719 602 591.666687011719 605.666687011719 606 555 605 599.666687011719 565.666687011719 565.333312988281 565.333312988281 559.333312988281 555.666687011719 544 543.666687011719 534.333312988281 504.666656494141 415.333343505859 403 398 396.666656494141 389.333343505859 320.666656494141 309 312.333343505859 293 288
274.333343505859 273.333343505859 285.666656494141 301 302.666656494141 307.666656494141 290 271.333343505859 275.333343505859 270.333343505859 277 277 264.666656494141 260.666656494141 263 259.333343505859 264.333343505859 256.666656494141 273 270 262.333343505859 283.666656494141 295.666656494141 303.666656494141 319.333343505859 378.333343505859 518.666687011719 481 544.666687011719 562.666687011719 554.666687011719 612 555 605.333312988281 608.333312988281 587.666687011719 581 582.333312988281 572 565 547.666687011719 515 541.666687011719 561.333312988281 546.333312988281 543.333312988281 535.333312988281 535.333312988281 514.333312988281 513.333312988281 391.333343505859 449.333343505859 400 341 300.666656494141
271 271.333343505859 281.666656494141 286.666656494141 295 296.666656494141 289.666656494141 276.333343505859 268.333343505859 270.666656494141 261.333343505859 260.333343505859 259.666656494141 267.333343505859 260.666656494141 257.333343505859 262 254.66667175293 270 265.333343505859 268.333343505859 276 284.333343505859 314.333343505859 342 519.333312988281 559.333312988281 438 566 559.333312988281 516.333312988281 565.666687011719 585.333312988281 607 606.333312988281 608.333312988281 591 562.333312988281 573 544 504.666656494141 470 501.333343505859 481 555.333312988281 559.333312988281 469.333343505859 446.666656494141 403.333343505859 534.666687011719 537 482 524 388.666656494141 352
267.666656494141 269 284 278.333343505859 279.666656494141 276.333343505859 273 267.666656494141 276 258.333343505859 263.333343505859 264 256.666656494141 252.66667175293 262.333343505859 267 272.666656494141 268.333343505859 267.666656494141 261 269.666656494141 285.666656494141 287 335.333343505859 375 512.333312988281 555 511.666656494141 456.333343505859 512.333312988281 524.666687011719 587 620 616.666687011719 600.333312988281 591 591.666687011719 589 572 557.666687011719 534.666687011719 482 466.333343505859 483.666656494141 538.666687011719 474.333343505859 472.666656494141 432.333343505859 465.333343505859 555.666687011719 439 394.666656494141 538.666687011719 541.666687011719 419.666656494141
265.666656494141 273.333343505859 274.333343505859 274.666656494141 268.333343505859 267.666656494141 274 268.666656494141 262 257 253.66667175293 249 252.33332824707 249 244 241.33332824707 252 261.333343505859 253 259.666656494141 266 280 301 343 410 511 406.333343505859 354 344.666656494141 399.333343505859 549 558.333312988281 611 595.333312988281 600.333312988281 585.666687011719 574.333312988281 571.333312988281 568.333312988281 521.666687011719 484.333343505859 471.333343505859 453.666656494141 392.666656494141 391.666656494141 387.666656494141 393 382.333343505859 387.666656494141 480.666656494141 373.666656494141 382.333343505859 382.666656494141 451.333343505859 510.666656494141
263 297.666656494141 263.666656494141 265 280 262.666656494141 284 265 268.666656494141 266.666656494141 254.33332824707 244.66667175293 241 238.33332824707 239 235 238.33332824707 251.33332824707 246 266.666656494141 261 323 355.333343505859 357.666656494141 349.333343505859 343 332.666656494141 427.666656494141 505 446.333343505859 548 575 573 588.666687011719 588 596.666687011719 595.333312988281 570 565.666687011719 503.666656494141 423.666656494141 429.333343505859 461.666656494141 395.666656494141 341 339.666656494141 380.333343505859 316.333343505859 387.333343505859 388 307 328.666656494141 380 430.333343505859 573.333312988281
254 260.666656494141 255.33332824707 291.666656494141 271.666656494141 273.666656494141 274 250.66667175293 248.66667175293 258.666656494141 244.33332824707 235.66667175293 230.66667175293 231 232.33332824707 242.66667175293 249 257 252 254.33332824707 266.666656494141 310.333343505859 321.333343505859 326.666656494141 292.333343505859 292.666656494141 318 324.666656494141 347.666656494141 421.666656494141 478.666656494141 554.666687011719 575.333312988281 586.333312988281 595.666687011719 598 576.333312988281 582.333312988281 553.666687011719 497.666656494141 481.666656494141 451.333343505859 393 398 396.666656494141 407 407.333343505859 390.333343505859 341 377.333343505859 390.333343505859 431.666656494141 422.666656494141 503.333343505859 479.666656494141
308 288.333343505859 281.333343505859 277.333343505859 279.666656494141 267.333343505859 265.666656494141 259 243.33332824707 241 248.66667175293 234 233 234.33332824707 229 255.66667175293 270.666656494141 269.666656494141 289 264 281.666656494141 319 302.333343505859 277.666656494141 295 336.666656494141 338.666656494141 329.666656494141 370 421.333343505859 500.666656494141 546.666687011719 573.333312988281 584.333312988281 597 578 570.666687011719 567.666687011719 575.666687011719 571.333312988281 558.666687011719 537 496 460.333343505859 460.333343505859 492.666656494141 489.333343505859 479 449 506 561.333312988281 584.333312988281 566.333312988281 470.666656494141 384.666656494141
325.333343505859 278.333343505859 271.333343505859 281.666656494141 274.666656494141 253.33332824707 254 253.66667175293 248.66667175293 238 238.66667175293 237.66667175293 226 222.66667175293 245.33332824707 258 268 282.666656494141 289.333343505859 250.33332824707 291 271 265.666656494141 275.333343505859 316.333343505859 330.333343505859 324 332.333343505859 345.666656494141 407.333343505859 441 545.333312988281 583.333312988281 581 602.333312988281 591 574 551 580 591.666687011719 588.333312988281 570.666687011719 578.333312988281 560.666687011719 514 508.333343505859 486.333343505859 481 426 398 489.333343505859 401 415 430.333343505859 388
