mean_MH.asc
NCOLS 427 
NROWS 362 
XLLCORNER -9.541666667 
YLLCORNER 36 
CELLSIZE 0.0416666666674473 
NODATA_value -3.4e+38 
[rows 288 to 311 of 362, columns 110 to 164 of 427]
147 147.777770996094 149.111114501953 153.33332824707 155.222229003906 152.888885498047 152.888885498047 150.777770996094 149.111114501953 143.111114501953 148.555557250977 151.33332824707 151.66667175293 153.222229003906 153.555557250977 152.555557250977 148.555557250977 147 147.66667175293 148.33332824707 149.111114501953 146.222229003906 146.777770996094 145.777770996094 146.222229003906 146.444442749023 146.222229003906 146.222229003906 147.66667175293 148 149.111114501953 150.888885498047 150.777770996094 150.66667175293 150.66667175293 150.444442749023 150.66667175293 151 152.444442749023 152.222229003906 152.66667175293 152.777770996094 152.777770996094 153 152.888885498047 152.777770996094 152.444442749023 152.111114501953 152 151.66667175293 151.222229003906 151.222229003906 151.66667175293 151.777770996094 151.555557250977
146.888885498047 147.888885498047 148.222229003906 148.555557250977 150.555557250977 151.777770996094 152.888885498047 151.555557250977 151.222229003906 153 146.888885498047 143.33332824707 144.444442749023 151.444442749023 153.222229003906 153.777770996094 149.555557250977 143.777770996094 144.444442749023 148.33332824707 148.444442749023 146.777770996094 144.888885498047 145.66667175293 146.111114501953 145.777770996094 146.33332824707 146.555557250977 146.111114501953 148.33332824707 149.111114501953 150.222229003906 150.444442749023 150.66667175293 150.444442749023 150.222229003906 150.444442749023 149.888885498047 151.66667175293 152.222229003906 152.111114501953 152.33332824707 152.111114501953 152.111114501953 151.888885498047 152.111114501953 151.888885498047 151.888885498047 151.888885498047 152 151.777770996094 152.444442749023 152.33332824707 152.33332824707 151.555557250977
148.444442749023 152.111114501953 149.444442749023 149.888885498047 153.444442749023 152.222229003906 150.555557250977 148.888885498047 148.444442749023 150.222229003906 153 149.111114501953 145.111114501953 147.222229003906 146.66667175293 146.555557250977 148 147.555557250977 150 149.66667175293 145.555557250977 145.222229003906 145.66667175293 145.66667175293 145.444442749023 146 145.777770996094 146.222229003906 146.222229003906 146.555557250977 148.777770996094 149.555557250977 149.444442749023 149.777770996094 149.66667175293 150.111114501953 149.555557250977 150 150.66667175293 152.555557250977 152.444442749023 152.444442749023 151.888885498047 152.222229003906 152.33332824707 152.222229003906 152 152.444442749023 152.33332824707 152.444442749023 152.33332824707 151.888885498047 152 152.33332824707 153.444442749023
151.888885498047 151.66667175293 153.777770996094 150.222229003906 148 147.888885498047 148.777770996094 148.66667175293 149.222229003906 153.111114501953 153.33332824707 152.111114501953 148.66667175293 149.111114501953 151.33332824707 153.111114501953 151.33332824707 144.66667175293 144 146 148.33332824707 148.33332824707 145.555557250977 145.777770996094 146.222229003906 145.888885498047 145.555557250977 146.222229003906 145.33332824707 146 148.66667175293 148.444442749023 150.111114501953 149.888885498047 149.444442749023 149.66667175293 149.33332824707 149.888885498047 150.444442749023 151.33332824707 152.444442749023 152.555557250977 152.888885498047 152.111114501953 152.111114501953 152.33332824707 153 152.66667175293 152.777770996094 152.111114501953 152.111114501953 152.222229003906 152.33332824707 152.33332824707 152.444442749023
150.777770996094 150.111114501953 150.444442749023 148.66667175293 153.888885498047 155.111114501953 153 151.33332824707 156.444442749023 156.777770996094 151.222229003906 150 149.222229003906 148.555557250977 149.777770996094 152.111114501953 153.33332824707 153.444442749023 146.33332824707 146.33332824707 144.33332824707 146 146 145.444442749023 145.111114501953 145.555557250977 146.111114501953 145.888885498047 148.222229003906 147.33332824707 147.66667175293 149.777770996094 150 150.555557250977 151.444442749023 151.66667175293 149.222229003906 149.555557250977 150.111114501953 151.444442749023 152.444442749023 152.555557250977 152.222229003906 152.444442749023 152.66667175293 152.66667175293 152.66667175293 153.111114501953 153.222229003906 153 153 152.33332824707 152 153 153.555557250977
145.66667175293 146.888885498047 150.888885498047 153.66667175293 152.555557250977 153 153.555557250977 156 157.555557250977 156.33332824707 155.555557250977 153.555557250977 150.111114501953 149.555557250977 150.33332824707 152 152.555557250977 152.111114501953 151.777770996094 149.66667175293 147.111114501953 147.555557250977 147.444442749023 146.888885498047 146.66667175293 146.111114501953 146 150.33332824707 148.66667175293 149.777770996094 150.33332824707 150.444442749023 150.888885498047 152.777770996094 153.66667175293 153.444442749023 149.222229003906 150 150.33332824707 152.33332824707 152.33332824707 152.444442749023 152.888885498047 152.33332824707 152.555557250977 152.555557250977 152.444442749023 152.888885498047 153.33332824707 153.66667175293 154 152.888885498047 152.777770996094 153.555557250977 153.555557250977
152 152.66667175293 151.888885498047 153 151.777770996094 149.444442749023 150.555557250977 154.555557250977 159.222229003906 156.33332824707 153.222229003906 157.222229003906 155.222229003906 151.555557250977 150.33332824707 151.444442749023 152.444442749023 153.33332824707 154.66667175293 154.555557250977 154.66667175293 152 154.111114501953 154.555557250977 153.66667175293 153.111114501953 148.33332824707 148.33332824707 151.111114501953 149.888885498047 149.33332824707 150.33332824707 149.888885498047 150.444442749023 152.888885498047 152.222229003906 149.888885498047 149.888885498047 152 153.111114501953 152.888885498047 152.444442749023 152.888885498047 152.222229003906 152.444442749023 152.33332824707 152.33332824707 153 153.66667175293 154 154 153.777770996094 153.111114501953 153.66667175293 153.888885498047
151.888885498047 150.66667175293 153.111114501953 153 148.555557250977 150.444442749023 149.33332824707 151.555557250977 155.777770996094 154.888885498047 152.66667175293 155.66667175293 155.555557250977 156.555557250977 153.777770996094 151 150.66667175293 151.66667175293 152.222229003906 150.555557250977 151.222229003906 152.66667175293 152.66667175293 154.555557250977 155.111114501953 153.66667175293 153.444442749023 146.888885498047 147.222229003906 147.777770996094 146.888885498047 147.888885498047 148.777770996094 150 150.444442749023 150.111114501953 150 150.555557250977 152 152.777770996094 152.777770996094 153.33332824707 151.888885498047 152.888885498047 152.66667175293 152.66667175293 152.555557250977 153.111114501953 154.111114501953 154.111114501953 154.222229003906 153.33332824707 153.888885498047 153.777770996094 154
151.777770996094 151.111114501953 147.777770996094 148.222229003906 149 153.777770996094 153.111114501953 154.222229003906 152.111114501953 153.111114501953 153.555557250977 154.444442749023 156.222229003906 156.111114501953 159.111114501953 156.555557250977 155.66667175293 151 152.66667175293 152.555557250977 152.33332824707 153.111114501953 154.777770996094 155.444442749023 155.222229003906 155.111114501953 151.777770996094 147.66667175293 147.777770996094 150 151 152.555557250977 151.33332824707 150.111114501953 151.777770996094 151.888885498047 150 151.222229003906 153.222229003906 153.444442749023 152.888885498047 152.555557250977 152.222229003906 152.111114501953 152.777770996094 152.444442749023 153.33332824707 153.777770996094 153.777770996094 154.33332824707 153.888885498047 153.66667175293 153.888885498047 154.222229003906 154.111114501953
149.555557250977 149.33332824707 150.777770996094 151.222229003906 151.222229003906 152.111114501953 152 154.111114501953 155 156.555557250977 155.777770996094 155.66667175293 157.888885498047 159.777770996094 160.222229003906 159 157.33332824707 157.111114501953 157.444442749023 157.66667175293 156.111114501953 157.444442749023 157.555557250977 157.555557250977 157.33332824707 157 154.66667175293 151.111114501953 147.888885498047 149.555557250977 151 151.777770996094 151.888885498047 150.555557250977 150.555557250977 150.444442749023 150.888885498047 151.111114501953 152.111114501953 152.888885498047 153.33332824707 153.33332824707 153.111114501953 152.66667175293 152.555557250977 152.888885498047 153 153.444442749023 153 154.111114501953 153.66667175293 153.555557250977 153.777770996094 154.111114501953 153.66667175293
159.777770996094 152.444442749023 151.777770996094 153.33332824707 156.444442749023 158.66667175293 156.555557250977 154.66667175293 155.555557250977 156.222229003906 158.33332824707 157.33332824707 157.222229003906 159 159.555557250977 159.777770996094 158.111114501953 157.777770996094 157.444442749023 158.444442749023 156.444442749023 153.66667175293 151.777770996094 152.777770996094 157.111114501953 156.66667175293 151.444442749023 157.444442749023 153.444442749023 150.66667175293 152.111114501953 152.777770996094 152.555557250977 153.888885498047 152 151.444442749023 151.444442749023 151.66667175293 151.555557250977 154.111114501953 153.66667175293 153.888885498047 154.111114501953 153.444442749023 153.444442749023 154.33332824707 154.111114501953 154.222229003906 154.111114501953 154.111114501953 153.444442749023 153.66667175293 153.888885498047 152.444442749023 152.555557250977
160.777770996094 159.444442749023 151.66667175293 153.888885498047 158.111114501953 159.888885498047 160.33332824707 160.222229003906 159.888885498047 159.111114501953 159.222229003906 159.444442749023 159.777770996094 159.888885498047 159.33332824707 159.66667175293 159 159 156.111114501953 157 158.33332824707 158.777770996094 157 155.444442749023 152.444442749023 149.33332824707 149.111114501953 153 154.888885498047 149.888885498047 151.222229003906 152.555557250977 152.444442749023 151.777770996094 152.555557250977 153.222229003906 153.66667175293 153.111114501953 152 153.777770996094 154.444442749023 154.111114501953 154.222229003906 154 153.444442749023 154.222229003906 153.33332824707 152 153.444442749023 154 153.777770996094 151.888885498047 152.888885498047 153.444442749023 151.66667175293
158.111114501953 157.111114501953 156.111114501953 155.66667175293 154.555557250977 154.66667175293 159.555557250977 159.66667175293 159.777770996094 160.555557250977 160.777770996094 161.444442749023 160.555557250977 161.33332824707 160.33332824707 159.222229003906 157.888885498047 156.777770996094 155.222229003906 154.777770996094 154.222229003906 157.111114501953 155.33332824707 158.33332824707 158.222229003906 151.555557250977 149.555557250977 151.777770996094 151.33332824707 151.777770996094 152.888885498047 153.777770996094 154.111114501953 154.111114501953 153.66667175293 152.66667175293 154.66667175293 154.111114501953 154.444442749023 154.222229003906 154.222229003906 154.33332824707 153.888885498047 153.66667175293 154.444442749023 152.222229003906 151.888885498047 152.66667175293 153.888885498047 153.777770996094 152.222229003906 152.888885498047 152.555557250977 152.444442749023 153.222229003906
160.444442749023 160.66667175293 160.222229003906 160.777770996094 158.888885498047 158.777770996094 158.777770996094 156.777770996094 160 161.777770996094 161.888885498047 160.888885498047 161.222229003906 161.33332824707 161.555557250977 162 161.222229003906 161.111114501953 161 156.33332824707 154.33332824707 155.777770996094 152.777770996094 153.444442749023 154 155.777770996094 159.111114501953 152.66667175293 156.66667175293 157.33332824707 155.66667175293 154.777770996094 153.222229003906 154.222229003906 153.66667175293 154.444442749023 154 154.66667175293 154.111114501953 154.777770996094 154.444442749023 153.888885498047 154.222229003906 154.111114501953 153.777770996094 152.555557250977 153.555557250977 154.111114501953 153.222229003906 153.66667175293 152.555557250977 153.66667175293 152.888885498047 153.555557250977 153.111114501953
161.444442749023 161.555557250977 161.888885498047 162 161.111114501953 161.33332824707 161.444442749023 160.555557250977 159.777770996094 159.888885498047 160 160.888885498047 160.66667175293 160.444442749023 161.444442749023 161.777770996094 161 161.222229003906 160.555557250977 161.555557250977 160.444442749023 158.444442749023 155.888885498047 151.111114501953 150.111114501953 151.444442749023 157.33332824707 158.555557250977 160.222229003906 161 162 158.222229003906 158.777770996094 156.444442749023 155.222229003906 155.111114501953 156.444442749023 154.33332824707 155 155 153.777770996094 151.555557250977 153.33332824707 150.555557250977 150.555557250977 152.66667175293 153.66667175293 153.444442749023 154.111114501953 153.111114501953 151.555557250977 152.555557250977 152.222229003906 153 152.777770996094
162 163 162 162.33332824707 162.222229003906 162.33332824707 161.555557250977 160.888885498047 160.66667175293 160.33332824707 160.66667175293 160.555557250977 160.777770996094 160.111114501953 161.33332824707 161.33332824707 160.66667175293 160.777770996094 161.222229003906 161 160.777770996094 158.33332824707 159.33332824707 156.555557250977 152.222229003906 159.33332824707 160.888885498047 160.777770996094 159.888885498047 161.444442749023 160 158.222229003906 158.111114501953 156.888885498047 153.66667175293 155.777770996094 156.555557250977 154.555557250977 154.444442749023 154.33332824707 149.777770996094 153.444442749023 153.888885498047 154.33332824707 153.777770996094 154 152.777770996094 151.222229003906 150.777770996094 150.222229003906 150.888885498047 151.111114501953 152.33332824707 152.66667175293 154.777770996094
163.444442749023 162.444442749023 162.111114501953 161.66667175293 161.66667175293 161.33332824707 162.444442749023 160.888885498047 161.111114501953 161.33332824707 161.555557250977 160.444442749023 160.777770996094 161 160.111114501953 160.222229003906 160.222229003906 160.777770996094 161.66667175293 160.888885498047 161 161.33332824707 161.111114501953 154.888885498047 148.33332824707 157.888885498047 160.33332824707 160.777770996094 158.33332824707 157.777770996094 157.777770996094 160.444442749023 160.66667175293 159.33332824707 157.111114501953 157.111114501953 158.555557250977 156 152.222229003906 152.555557250977 149.444442749023 147.777770996094 150.33332824707 150.888885498047 150 150.444442749023 150.33332824707 150.555557250977 149.777770996094 149 149.777770996094 151.555557250977 151.222229003906 154.444442749023 153
161.444442749023 161.777770996094 161.111114501953 161.111114501953 161.222229003906 161 161.444442749023 160.222229003906 159.66667175293 160 161.111114501953 161.33332824707 161.66667175293 161.33332824707 161 160.33332824707 158 157.777770996094 158.888885498047 159.888885498047 160 159.888885498047 160.33332824707 157.888885498047 150.33332824707 156.555557250977 159.555557250977 153.111114501953 156.111114501953 156.33332824707 156.444442749023 158.111114501953 156.111114501953 157 153.222229003906 152.111114501953 151.777770996094 151.33332824707 151.444442749023 148.111114501953 147 148.444442749023 149.777770996094 150.222229003906 149.111114501953 149.66667175293 149.888885498047 150 149.888885498047 149.111114501953 149.111114501953 149 150.66667175293 152.66667175293 151.555557250977
162.33332824707 163.33332824707 161.888885498047 160.444442749023 159.222229003906 160.222229003906 158.777770996094 159.111114501953 159.222229003906 159.444442749023 159.66667175293 159.888885498047 159.66667175293 160.222229003906 160.777770996094 160.33332824707 160.66667175293 158.33332824707 158 161 160.66667175293 159.888885498047 160 159.888885498047 155 151.66667175293 157.444442749023 155.66667175293 156 154.222229003906 154.33332824707 153.66667175293 154.888885498047 154.444442749023 153.444442749023 144.111114501953 146.222229003906 146.33332824707 145 143.444442749023 146.555557250977 150.222229003906 150.222229003906 148.33332824707 150.222229003906 153.555557250977 148.555557250977 147.555557250977 145 148.33332824707 151.33332824707 153.111114501953 153.66667175293 153.33332824707 150.888885498047
162.777770996094 162.777770996094 162.777770996094 164 161.777770996094 159.66667175293 159.33332824707 160.222229003906 159.888885498047 160 159.33332824707 159.33332824707 159.777770996094 160.111114501953 160.111114501953 160.33332824707 160.777770996094 160 161.33332824707 161.555557250977 160.444442749023 160.444442749023 159.888885498047 155.777770996094 148 153.33332824707 156.66667175293 157.555557250977 151.888885498047 151.444442749023 147.444442749023 148.111114501953 150.111114501953 148.33332824707 143.66667175293 144.66667175293 143.888885498047 140.222229003906 141.555557250977 143.555557250977 146.66667175293 148.33332824707 148.444442749023 148.777770996094 150.888885498047 148.66667175293 145.777770996094 143.222229003906 147.66667175293 150.888885498047 153.555557250977 154 154 152.444442749023 152.888885498047
162.444442749023 163.444442749023 159.66667175293 158.33332824707 162.222229003906 161.888885498047 160.111114501953 161.444442749023 159.444442749023 159.777770996094 159.555557250977 159.444442749023 159.66667175293 160.555557250977 159.66667175293 160.111114501953 160.66667175293 160.444442749023 156.111114501953 161 161 161.33332824707 157.777770996094 152.777770996094 153.777770996094 159.33332824707 159.888885498047 153.111114501953 148.33332824707 145.66667175293 146.66667175293 143.777770996094 145.444442749023 145.444442749023 144.33332824707 142.111114501953 138.66667175293 140.222229003906 144.222229003906 146 147.66667175293 151.777770996094 152.66667175293 150.111114501953 149.222229003906 148.555557250977 143.888885498047 149.111114501953 153.888885498047 154 153.66667175293 154.33332824707 155.777770996094 151.444442749023 155
163 163 163.555557250977 160.777770996094 159 159.555557250977 162.33332824707 161.777770996094 161.777770996094 161.222229003906 162.66667175293 161.888885498047 161.555557250977 160.111114501953 161.222229003906 160.777770996094 160.111114501953 161.555557250977 156.66667175293 159.555557250977 159.777770996094 160.777770996094 155.33332824707 148.555557250977 160.66667175293 161 154.555557250977 146.33332824707 144.222229003906 143.888885498047 140.444442749023 141.33332824707 145.33332824707 143.33332824707 140 138.555557250977 138.555557250977 143.888885498047 145 151.777770996094 151.555557250977 148.33332824707 147.111114501953 145.555557250977 145.111114501953 145.888885498047 148.66667175293 150.555557250977 150.111114501953 150.444442749023 151.66667175293 153.888885498047 150.555557250977 151.33332824707 154.444442749023
161.888885498047 162.111114501953 159 163.66667175293 159.111114501953 158.444442749023 163.444442749023 163.33332824707 161.66667175293 160.222229003906 159.777770996094 156.777770996094 156.33332824707 157.555557250977 157.888885498047 159.444442749023 161.222229003906 160.33332824707 155.33332824707 153.111114501953 150.66667175293 150.555557250977 150.111114501953 152.888885498047 158.222229003906 153.777770996094 145.222229003906 144 144.777770996094 142.33332824707 142.111114501953 146.777770996094 144.888885498047 137.777770996094 -3.4e+38 137.111114501953 139.888885498047 141.888885498047 144.33332824707 141.33332824707 140.33332824707 139.777770996094 139.888885498047 140.555557250977 146.555557250977 149.777770996094 151.66667175293 149 152 155.222229003906 153 155.33332824707 149.888885498047 153.66667175293 149.222229003906
160 162.222229003906 161.444442749023 159.444442749023 156.888885498047 157 157 158.33332824707 158.222229003906 160.66667175293 158.111114501953 156.444442749023 154.66667175293 155.33332824707 154.888885498047 154.888885498047 154 151.444442749023 152.33332824707 161.444442749023 152.777770996094 155.444442749023 158.888885498047 157.444442749023 147.444442749023 146.888885498047 142.888885498047 142.33332824707 144.33332824707 141 142.555557250977 145.444442749023 144.444442749023 138 -3.4e+38 137.66667175293 139.444442749023 140.555557250977 140.777770996094 141.33332824707 140.555557250977 140.777770996094 142.555557250977 146.777770996094 149.444442749023 148.555557250977 145.222229003906 148.555557250977 155.888885498047 155.888885498047 145.444442749023 153.33332824707 151 150.444442749023 141.888885498047
