mean_LGM.asc
NCOLS 429 
NROWS 360 
XLLCORNER -9.666666667 
YLLCORNER 36.083333333 
CELLSIZE 0.0416666666666667 
NODATA_value -3.4e+38 
[rows 216 to 239 of 360, columns 110 to 164 of 429]
320.666656494141 296.333343505859 302 310 299.333343505859 293 280.333343505859 269.666656494141 268.666656494141 265 258.333343505859 255 252.66667175293 264.666656494141 260.333343505859 275.666656494141 280.666656494141 273.666656494141 274 265.666656494141 275.333343505859 285.333343505859 304.666656494141 302.666656494141 357.333343505859 344 384.333343505859 355.333343505859 393 413.333343505859 498 544.333312988281 538.333312988281 581.666687011719 588.333312988281 600 600.666687011719 601.333312988281 588 604 607.333312988281 598.333312988281 595.333312988281 583.666687011719 586.666687011719 542.333312988281 468 439.333343505859 437.666656494141 515.333312988281 531.333312988281 479 477 443.333343505859 441.666656494141
309.666656494141 290.333343505859 291 295.666656494141 288 283.666656494141 287 279.333343505859 262.333343505859 258.666656494141 262.666656494141 268 249.66667175293 247.33332824707 264.666656494141 266.333343505859 260 261 261 275.333343505859 286 340.666656494141 360.333343505859 343.666656494141 385 372 370.333343505859 378.333343505859 435 455.666656494141 433 429.666656494141 493.666656494141 514.666687011719 543.666687011719 577.333312988281 589 602 591.333312988281 581.666687011719 592.666687011719 607 606.666687011719 593.666687011719 592 579 573 522 476.333343505859 533 467.666656494141 399 379.333343505859 371.333343505859 473
307.333343505859 296.333343505859 291 292.666656494141 286.333343505859 287 287.333343505859 280.666656494141 267.666656494141 268 284.333343505859 291 269 249.66667175293 265.333343505859 250.33332824707 257 260 270.666656494141 290 335.666656494141 326.333343505859 375 379.333343505859 416.333343505859 394.333343505859 395 456.666656494141 459 521.333312988281 506.333343505859 544.666687011719 562 545.666687011719 577.666687011719 594.666687011719 603 606.666687011719 610 595.333312988281 587 595 600.333312988281 607 607.666687011719 592.333312988281 598.333312988281 583.666687011719 574.333312988281 585 555 526 458 380.333343505859 490.666656494141
306.333343505859 296.666656494141 290.333343505859 290 284.333343505859 285.333343505859 286 280.666656494141 299 295.666656494141 297 289.333343505859 284.333343505859 259.666656494141 251 259.333343505859 281 287.333343505859 283.666656494141 276.333343505859 293.333343505859 320.333343505859 352.666656494141 374 392.333343505859 456 498.666656494141 472 487.666656494141 516.333312988281 534.333312988281 580 584.333312988281 595.666687011719 611 599.666687011719 596 584.333312988281 586.666687011719 596.333312988281 579.333312988281 585.666687011719 587.333312988281 598 595 587.333312988281 574.666687011719 584.666687011719 584 568.666687011719 581.666687011719 564.666687011719 575.333312988281 493.666656494141 473.666656494141
304 305.666656494141 314.666656494141 315.666656494141 323.666656494141 311.666656494141 329.333343505859 324.333343505859 335.333343505859 323.333343505859 308.666656494141 302.333343505859 267.666656494141 260.333343505859 266 277.333343505859 285.333343505859 293.666656494141 302.666656494141 322 334.666656494141 369.333343505859 382.333343505859 396 413.333343505859 483 513.666687011719 490.666656494141 478.333343505859 541.333312988281 540.666687011719 547 590 590.666687011719 592 591.333312988281 609.666687011719 598 599 595 589.666687011719 588.666687011719 587.333312988281 586.666687011719 589.666687011719 591.666687011719 586.666687011719 580 582.666687011719 562.666687011719 582.666687011719 567.333312988281 566 560 552
300.333343505859 326.333343505859 328.666656494141 363.333343505859 367 363.333343505859 369.666656494141 348.666656494141 334.666656494141 304 291 279 267.333343505859 265 271.333343505859 273 265.333343505859 280.333343505859 290 309.333343505859 326 367 379.666656494141 404.333343505859 413.333343505859 451.333343505859 514 514.666687011719 478.333343505859 486.333343505859 543.666687011719 546.333312988281 547.666687011719 547.666687011719 583 588 601 608.666687011719 608.666687011719 611 607.666687011719 598 596 595 590.333312988281 585.333312988281 585.333312988281 589 589 584 580.666687011719 582.333312988281 585.666687011719 588.666687011719 588.333312988281
349.666656494141 370.666656494141 371.333343505859 376.333343505859 366 362 365 437 356.666656494141 319.333343505859 292 274.666656494141 269.666656494141 269.333343505859 280.333343505859 275 276 275.333343505859 305.666656494141 322 335.666656494141 355 380.333343505859 373.666656494141 379.333343505859 379.666656494141 387.333343505859 404 385.666656494141 483 520.666687011719 540.333312988281 538.666687011719 551.666687011719 546.333312988281 579.666687011719 546.333312988281 580.333312988281 590.666687011719 590.666687011719 588.666687011719 597.666687011719 609 597.666687011719 597 588.666687011719 585.666687011719 584.333312988281 589.666687011719 596.333312988281 582.333312988281 581.666687011719 579.333312988281 578.333312988281 567.666687011719
372.666656494141 373.666656494141 375.666656494141 376.666656494141 373 377 444.333343505859 352.333343505859 401 300 286.666656494141 284 277.666656494141 307 297.666656494141 296.333343505859 309.666656494141 303.666656494141 304 321.666656494141 321.333343505859 323.666656494141 346.333343505859 327.333343505859 357.666656494141 394.333343505859 432.333343505859 350.333343505859 377 393.666656494141 424.666656494141 497.333343505859 473 473 524.333312988281 521.333312988281 544.333312988281 544 549 581 577.333312988281 589.333312988281 589.333312988281 599.666687011719 608.333312988281 589.333312988281 588.666687011719 587.333312988281 583 595 581.666687011719 580 576.666687011719 574.333312988281 568.333312988281
374.666656494141 375.333343505859 369.333343505859 418.666656494141 378.666656494141 374.333343505859 424.333343505859 413.666656494141 375.333343505859 288.666656494141 286.333343505859 306 411.333343505859 422.333343505859 319 289.333343505859 292.666656494141 291.666656494141 296 327.666656494141 317.333343505859 355.333343505859 361.333343505859 384 394 441.666656494141 347.666656494141 335 336.333343505859 351 351 430.666656494141 471 493.333343505859 462 494 519.666687011719 514 547.333312988281 541.333312988281 547 578.666687011719 589 590 597 596.333312988281 604.333312988281 600.666687011719 607.666687011719 589.333312988281 593.666687011719 583 574.333312988281 574 582.333312988281
369.666656494141 358 428.666656494141 417 424.666656494141 426.333343505859 428.666656494141 391.666656494141 366 292 421.333343505859 411.333343505859 296 286.666656494141 293.666656494141 304.666656494141 295.333343505859 311.333343505859 345.333343505859 408.333343505859 363 365.666656494141 319.333343505859 361.333343505859 385.666656494141 448 328.666656494141 302.666656494141 410 406.666656494141 342.666656494141 407.333343505859 403.666656494141 408 414 441 460.333343505859 491.666656494141 518.666687011719 534.666687011719 541 547 586.666687011719 588 589.666687011719 589 598.333312988281 608.333312988281 587 602.666687011719 588.666687011719 594.666687011719 599 599 592.333312988281
328.666656494141 332 419 421.333343505859 444 425.666656494141 426 368 353.333343505859 361 300.666656494141 310 307.333343505859 323.666656494141 311.666656494141 347.333343505859 304.666656494141 289.666656494141 289.333343505859 283.666656494141 306.333343505859 283.333343505859 279 403 403 373 311.666656494141 314 343.333343505859 343 408 405.666656494141 411 410 406 406.666656494141 428.666656494141 466 490 576.333312988281 590.666687011719 590.666687011719 592.666687011719 545.333312988281 545.666687011719 573 599.333312988281 596 584.666687011719 584.666687011719 603 582 589 583.666687011719 601
366.333343505859 377 419.333343505859 426 445 419.333343505859 354.666656494141 356.333343505859 358.333343505859 372.666656494141 417.666656494141 299.333343505859 277.666656494141 280.333343505859 285.333343505859 280.333343505859 291.333343505859 320.666656494141 355.333343505859 340.666656494141 295 283.333343505859 282 287.333343505859 328 394.666656494141 407.666656494141 345.333343505859 463 456.333343505859 388.333343505859 465.666656494141 478.666656494141 465.666656494141 488 513 515.666687011719 581.666687011719 538 523.666687011719 482.666656494141 488.666656494141 531.666687011719 512.333312988281 544.333312988281 543 583.666687011719 588.333312988281 535 586 584.666687011719 589 589 583.333312988281 581.666687011719
348 363.666656494141 385.333343505859 388.333343505859 386.666656494141 344.666656494141 345.666656494141 349.666656494141 359.666656494141 358.333343505859 292.333343505859 296 320 334.333343505859 322 301 317.666656494141 350.666656494141 362.666656494141 365 353.666656494141 338 340 308.666656494141 418 422.333343505859 422.333343505859 506 507.333343505859 529.666687011719 471 440 458 481.333343505859 513.333312988281 537.666687011719 584.333312988281 596 605.666687011719 598 532.333312988281 567.333312988281 518.333312988281 474.333343505859 511.666656494141 510.333343505859 533.333312988281 531.666687011719 538.333312988281 589 581.333312988281 586.333312988281 580.333312988281 584.666687011719 558
356 347.333343505859 294.666656494141 337 348.666656494141 342 362.666656494141 366.333343505859 305.666656494141 292 296.666656494141 283 317.333343505859 365.666656494141 355.666656494141 362.666656494141 329.666656494141 359.666656494141 376 379.666656494141 385 375 473.666656494141 404 393 426.333343505859 455.666656494141 479.666656494141 506.666656494141 527.333312988281 538.333312988281 529.666687011719 539.333312988281 598.666687011719 621.333312988281 614.333312988281 586.666687011719 578.666687011719 619 610.333312988281 589 584.333312988281 608 541.666687011719 562 568.666687011719 540.666687011719 539 509 500.333343505859 572.333312988281 565 530.333312988281 531.333312988281 591.333312988281
294.333343505859 294 341.333343505859 328.333343505859 344 365 366.666656494141 300.333343505859 306.333343505859 306 284.333343505859 292 334.333343505859 348.333343505859 353 348.333343505859 345.666656494141 358 359.666656494141 377.666656494141 387.333343505859 374 439.666656494141 459.333343505859 426.666656494141 426.333343505859 425 473.666656494141 524.333312988281 570.666687011719 610 611.666687011719 615 608.666687011719 599.333312988281 613.666687011719 591 539 590 610.666687011719 619.666687011719 607 603.333312988281 567.666687011719 596.333312988281 608.333312988281 587.333312988281 584 576 530.666687011719 527 464 528.666687011719 594.333312988281 579.333312988281
298.333343505859 295.333343505859 304.333343505859 346 329 367.333343505859 324 302.666656494141 297 303.333343505859 300.666656494141 326.333343505859 348.333343505859 334.666656494141 347 347 353.333343505859 363.333343505859 366 430 365 372.333343505859 437 420 420.333343505859 453.333343505859 424.666656494141 522.666687011719 588.666687011719 621.333312988281 601 597.333312988281 600.333312988281 605 602 598 570.333312988281 570.333312988281 537 576 581 617.666687011719 598 586.666687011719 616.333312988281 610.666687011719 615.666687011719 606 600.666687011719 590.333312988281 611 590.333312988281 583.333312988281 577.333312988281 581
348 348.666656494141 311 388.333343505859 340 345.666656494141 336.666656494141 281 295.333343505859 305.666656494141 322.666656494141 328 329.333343505859 307.333343505859 282.666656494141 290.333343505859 308 339.333343505859 345.666656494141 341.666656494141 342 390.333343505859 388.333343505859 396.333343505859 428.333343505859 440 428.666656494141 431.333343505859 534.333312988281 610.666687011719 599 599.666687011719 606.666687011719 611.666687011719 594 580 562 561.333312988281 580.333312988281 578 607 600 606 611.333312988281 599.333312988281 597.666687011719 600.666687011719 601 597.666687011719 599 579 603.666687011719 609 589 589.666687011719
317.333343505859 306 320.666656494141 342 341.666656494141 340 303 283.666656494141 292 292.666656494141 292.666656494141 310.666656494141 316.666656494141 296.333343505859 277.666656494141 294.333343505859 281.666656494141 285.333343505859 308 309.333343505859 317.333343505859 317.666656494141 388 427.666656494141 429.666656494141 421.666656494141 435.333343505859 455.333343505859 456 578.333312988281 612.333312988281 609.333312988281 582 571.666687011719 559.666687011719 571.333312988281 569.666687011719 583 590.333312988281 596.333312988281 619 611 606.333312988281 606 603 598.333312988281 596 588 587.666687011719 581.666687011719 580.333312988281 588 602.333312988281 606.333312988281 597
307 316.333343505859 306.333343505859 303.666656494141 293.333343505859 306.333343505859 292.333343505859 283.666656494141 288.333343505859 292.333343505859 310 308 312 295.333343505859 291.666656494141 292.666656494141 293.666656494141 294 306.333343505859 317.333343505859 331.666656494141 391.666656494141 347.333343505859 428 426 437.333343505859 449.333343505859 455.666656494141 480 534.666687011719 588 588.666687011719 559.333312988281 501.666656494141 537 599.333312988281 603 610.333312988281 606.666687011719 606 604.333312988281 607.666687011719 603 590.666687011719 584.333312988281 583.333312988281 588 587 596.333312988281 589.666687011719 582.666687011719 591 584.333312988281 589 610.333312988281
311.666656494141 307 306 305.333343505859 294.333343505859 291.666656494141 282.666656494141 282.666656494141 298 315.666656494141 302.333343505859 295 285.333343505859 306 302 302.666656494141 302.666656494141 290.666656494141 302.333343505859 316 329 392.666656494141 364.333343505859 424.666656494141 394.333343505859 437.666656494141 453.333343505859 470.333343505859 471 470.666656494141 537.333312988281 578.333312988281 559 537 559.333312988281 591.333312988281 606 600.333312988281 593 579 672.333312988281 574.333312988281 577.333312988281 569.333312988281 581 579.666687011719 578.666687011719 568.333312988281 580.333312988281 580.666687011719 583 597.666687011719 603.333312988281 597.333312988281 587
301.333343505859 300.666656494141 296 305.666656494141 294.333343505859 293.333343505859 301.666656494141 291.333343505859 310.333343505859 297.666656494141 337.333343505859 292.333343505859 279.333343505859 284 300 308.333343505859 305.666656494141 309.333343505859 310.666656494141 310 330 392.666656494141 362.333343505859 425 436.666656494141 434 468.333343505859 465 504.666656494141 504.666656494141 532.333312988281 558 570 570 569.666687011719 583 613.333312988281 599.333312988281 579.666687011719 612 610 662.333312988281 573 579 579.666687011719 583 579 575.333312988281 586.333312988281 587.333312988281 612.333312988281 617 594 602.666687011719 608
306.333343505859 300.666656494141 317 302.333343505859 290 292.666656494141 314 291.333343505859 298.333343505859 310.666656494141 337.333343505859 310 292.666656494141 293.666656494141 309 291.333343505859 314.333343505859 304.666656494141 308.333343505859 322 333.333343505859 391.666656494141 364.333343505859 392.666656494141 434 449.333343505859 468.666656494141 461.333343505859 497 534 594.333312988281 611.333312988281 589.666687011719 605.666687011719 598 612.333312988281 594 588.666687011719 606.333312988281 629.333312988281 612.333312988281 660.666687011719 671.333312988281 611.666687011719 581.666687011719 571.666687011719 640 569.333312988281 568.666687011719 585.333312988281 605 590.333312988281 612 609 589.666687011719
326.666656494141 326.666656494141 327.666656494141 290.666656494141 291 293 302.333343505859 321 321 284.666656494141 331.333343505859 350 306 312.333343505859 314.333343505859 309.666656494141 297.333343505859 328 346.333343505859 349.666656494141 345.666656494141 344.333343505859 360.333343505859 429.666656494141 462 462 535.333312988281 570.333312988281 597 542.333312988281 571.666687011719 611.666687011719 615.333312988281 614.333312988281 590 583.666687011719 624 609.666687011719 633 618.666687011719 578.666687011719 579.333312988281 584 668.333312988281 583.666687011719 601.666687011719 573 587.666687011719 573.666687011719 586 603.333312988281 614 599.666687011719 604.333312988281 597.666687011719
335 335 326.333343505859 299.333343505859 289.666656494141 303.666656494141 331.333343505859 330.666656494141 320.333343505859 306.333343505859 330.333343505859 352.333343505859 347.666656494141 303.666656494141 324.333343505859 313 327.333343505859 345.333343505859 344 351.333343505859 363.333343505859 358.333343505859 425.666656494141 444.666656494141 496.666656494141 536.666687011719 580.333312988281 596.333312988281 612.333312988281 588.666687011719 609 614.333312988281 599 581.333312988281 695.666687011719 581 583.333312988281 591.333312988281 588 592.666687011719 590 596.333312988281 599 610.333312988281 580.333312988281 607.666687011719 594 595 609.333312988281 581.666687011719 615.666687011719 615 566.666687011719 573.333312988281 536.666687011719
