mean_MH.asc
NCOLS 427 
NROWS 362 
XLLCORNER -9.541666667 
YLLCORNER 36 
CELLSIZE 0.0416666666674473 
NODATA_value -3.4e+38 
[rows 288 to 311 of 362, columns 0 to 54 of 427]
-3.4e+38 -3.4e+38 -3.4e+38 155.888885498047 155.111114501953 155.33332824707 154.66667175293 153 155.111114501953 153.444442749023 153.555557250977 153.777770996094 152.66667175293 153 153.222229003906 151.555557250977 151.66667175293 153.777770996094 154.777770996094 154.33332824707 154.111114501953 153.777770996094 155.222229003906 155.555557250977 155.66667175293 156.111114501953 159.66667175293 161 158.888885498047 160.111114501953 160.33332824707 160.777770996094 160.555557250977 163.111114501953 160.555557250977 161.777770996094 161.777770996094 162.555557250977 163.33332824707 163 164.111114501953 165.777770996094 164.66667175293 164.33332824707 164.111114501953 165.33332824707 165.555557250977 165.33332824707 165.66667175293 163.111114501953 165.777770996094 166 165.66667175293 165.33332824707 164.888885498047
-3.4e+38 -3.4e+38 -3.4e+38 156.444442749023 156.33332824707 154.444442749023 155.222229003906 154.33332824707 154.222229003906 158.33332824707 158 154.33332824707 152.66667175293 151.66667175293 151 152.555557250977 153.111114501953 154.444442749023 153.888885498047 154.888885498047 153.777770996094 153 153 155.222229003906 155.777770996094 155.222229003906 155 157.66667175293 159.444442749023 159.888885498047 162.111114501953 163.444442749023 161.555557250977 162.66667175293 162.777770996094 163.222229003906 163.33332824707 163 164.111114501953 162.555557250977 163.555557250977 165 165 165.222229003906 165.222229003906 165.444442749023 165.777770996094 166.111114501953 165.66667175293 165.555557250977 166.555557250977 165.444442749023 166.555557250977 165.33332824707 164.66667175293
-3.4e+38 -3.4e+38 -3.4e+38 156 156.888885498047 156.888885498047 154.444442749023 155.66667175293 156.66667175293 163.66667175293 159.555557250977 153.66667175293 153.888885498047 151.444442749023 151.33332824707 151.555557250977 152.555557250977 154.444442749023 154.888885498047 154.66667175293 154.444442749023 154.555557250977 154.777770996094 156 155.888885498047 158.777770996094 158.777770996094 159.888885498047 158 162.555557250977 163.111114501953 161.66667175293 164.444442749023 163.777770996094 165.222229003906 164.33332824707 163.444442749023 163.33332824707 164.33332824707 163.33332824707 163.555557250977 163.66667175293 163.66667175293 164.444442749023 166.66667175293 165.222229003906 166.111114501953 166 165.888885498047 165.33332824707 166.33332824707 165.555557250977 166.444442749023 166 166
-3.4e+38 -3.4e+38 -3.4e+38 156.777770996094 156.777770996094 165.222229003906 160.66667175293 158.111114501953 156 156.111114501953 158.777770996094 154.777770996094 154.555557250977 149.66667175293 150.777770996094 151.66667175293 152.888885498047 153 154.888885498047 155 156.33332824707 156 156.111114501953 157.222229003906 157.222229003906 156.777770996094 158.888885498047 159.888885498047 159 161.777770996094 162.444442749023 161.33332824707 163.777770996094 163.66667175293 166.33332824707 163.555557250977 162.33332824707 163.33332824707 163.222229003906 163.888885498047 165 166.33332824707 165.111114501953 164.66667175293 163.33332824707 165 166.222229003906 166.111114501953 165.66667175293 166.111114501953 164.888885498047 165.66667175293 165.66667175293 166.888885498047 167.111114501953
-3.4e+38 -3.4e+38 160.444442749023 161 157.444442749023 157.888885498047 162.777770996094 162 159.33332824707 155.111114501953 154.111114501953 153.555557250977 149.888885498047 151 151.66667175293 152.555557250977 152.888885498047 152.777770996094 153.66667175293 154.444442749023 155.555557250977 156 155 156 157.222229003906 157.111114501953 158.33332824707 160 160.222229003906 159 159.66667175293 159.555557250977 162.777770996094 163.444442749023 166.111114501953 163.444442749023 163.777770996094 163.777770996094 163.777770996094 164.444442749023 164.555557250977 165.33332824707 167 165.888885498047 165.33332824707 164.222229003906 163.888885498047 165 166.555557250977 165 165.777770996094 164.66667175293 164.555557250977 166.888885498047 167
-3.4e+38 -3.4e+38 161.555557250977 162.777770996094 158.222229003906 159.33332824707 161.111114501953 158.444442749023 154.222229003906 151 152 150.222229003906 150.222229003906 149.777770996094 151.777770996094 152.777770996094 153 153.555557250977 153.66667175293 153.444442749023 155.66667175293 155.66667175293 155.66667175293 156.555557250977 155.777770996094 157.33332824707 157.111114501953 158.222229003906 159.777770996094 159.66667175293 159.888885498047 160.66667175293 160 166.444442749023 162.444442749023 163.444442749023 163.33332824707 163.444442749023 163.66667175293 164.555557250977 164.555557250977 164.444442749023 165.33332824707 165.555557250977 165.66667175293 167.66667175293 164.222229003906 164.66667175293 164.444442749023 165.33332824707 165.444442749023 165 164.888885498047 165 167.111114501953
-3.4e+38 159.777770996094 159.777770996094 159.888885498047 160.66667175293 160.888885498047 162.444442749023 163 154.33332824707 152.222229003906 152 151.111114501953 -3.4e+38 -3.4e+38 150.444442749023 153.111114501953 154 152.777770996094 153.888885498047 154.66667175293 154.777770996094 154.555557250977 157.222229003906 155.66667175293 157.111114501953 158.66667175293 157.888885498047 159.66667175293 159.555557250977 160 161.111114501953 160.33332824707 160.66667175293 164.888885498047 163.33332824707 164.444442749023 163.888885498047 164.222229003906 164.33332824707 164.777770996094 164.777770996094 164.444442749023 164.777770996094 164.33332824707 164.33332824707 166 167.111114501953 164.33332824707 163.888885498047 163.888885498047 165.33332824707 164.444442749023 166.33332824707 165.111114501953 166.777770996094
-3.4e+38 169.66667175293 171.111114501953 169.777770996094 160.888885498047 158.777770996094 158.777770996094 157.222229003906 155.66667175293 153.444442749023 151.888885498047 -3.4e+38 -3.4e+38 -3.4e+38 152.222229003906 152.66667175293 151.444442749023 154 153.888885498047 154.555557250977 154.555557250977 155.33332824707 155.33332824707 156 157.888885498047 157.66667175293 158.777770996094 158.888885498047 158.888885498047 158.111114501953 160.66667175293 161.222229003906 165.111114501953 163.444442749023 163.555557250977 163.222229003906 164.33332824707 165.222229003906 164.555557250977 164.888885498047 165 164.555557250977 166.222229003906 167 167.66667175293 166.555557250977 166.222229003906 166.222229003906 165.888885498047 164.555557250977 164.66667175293 165.222229003906 164.444442749023 164 162.33332824707
-3.4e+38 -3.4e+38 161.66667175293 159.444442749023 158.66667175293 157.555557250977 155.888885498047 157.444442749023 156.777770996094 152.777770996094 151.66667175293 -3.4e+38 151.33332824707 151.444442749023 152.111114501953 152.33332824707 152.444442749023 153.111114501953 153.888885498047 155 154.888885498047 155.444442749023 155.33332824707 155.66667175293 156.777770996094 155.33332824707 156.66667175293 158.777770996094 158.33332824707 158.888885498047 160.111114501953 162.777770996094 163.33332824707 163 162.777770996094 164.33332824707 162.888885498047 165.444442749023 166.33332824707 165.444442749023 166.33332824707 166.222229003906 165.33332824707 165.555557250977 167 167.444442749023 163.33332824707 164.888885498047 166.888885498047 165 166.777770996094 166.66667175293 165.33332824707 161.777770996094 157
-3.4e+38 -3.4e+38 -3.4e+38 -3.4e+38 157 156.111114501953 -3.4e+38 -3.4e+38 -3.4e+38 152.66667175293 -3.4e+38 -3.4e+38 -3.4e+38 153 153 153.111114501953 153 153.777770996094 153 153.33332824707 153.555557250977 154.444442749023 157.111114501953 156.66667175293 156.555557250977 156.888885498047 156.33332824707 157.111114501953 157.555557250977 158.33332824707 159.444442749023 161.111114501953 162.777770996094 164.111114501953 162.66667175293 165.33332824707 165.33332824707 164.777770996094 165.777770996094 165.777770996094 166.777770996094 165.222229003906 163.888885498047 164.66667175293 164.777770996094 164.444442749023 164.111114501953 164.777770996094 163.66667175293 163.555557250977 163.33332824707 165.33332824707 164.222229003906 161.111114501953 157.888885498047
-3.4e+38 -3.4e+38 -3.4e+38 -3.4e+38 -3.4e+38 -3.4e+38 -3.4e+38 155.33332824707 155.555557250977 154 152.111114501953 152.222229003906 152.888885498047 152.444442749023 153.111114501953 152.444442749023 153.777770996094 154.444442749023 153.555557250977 153.777770996094 153.444442749023 153.777770996094 155.222229003906 155.555557250977 155.777770996094 156.888885498047 156.888885498047 159.888885498047 158.33332824707 159.555557250977 159.222229003906 163.222229003906 163.111114501953 165 165.555557250977 166 164.888885498047 164.888885498047 167.888885498047 165.66667175293 166.555557250977 164.555557250977 164.777770996094 164.555557250977 165.555557250977 164.777770996094 164.444442749023 163.555557250977 163.111114501953 162.888885498047 162.555557250977 161.777770996094 161.888885498047 160.888885498047 156.444442749023
-3.4e+38 -3.4e+38 -3.4e+38 -3.4e+38 -3.4e+38 -3.4e+38 -3.4e+38 -3.4e+38 155.444442749023 154.111114501953 152.33332824707 153.33332824707 151.888885498047 152.222229003906 152.33332824707 152.888885498047 154.555557250977 153.66667175293 154.444442749023 153.222229003906 154.222229003906 154.555557250977 153.888885498047 154.777770996094 154.777770996094 155.33332824707 156.66667175293 156.66667175293 160.33332824707 158.444442749023 161.66667175293 163.33332824707 163.111114501953 163 162.555557250977 164.888885498047 167.222229003906 166.444442749023 167.111114501953 164.66667175293 165 164.33332824707 164.888885498047 164.33332824707 163.555557250977 163.777770996094 164.111114501953 162.66667175293 163.777770996094 163.66667175293 162.444442749023 160.555557250977 160.555557250977 159.66667175293 156.777770996094
-3.4e+38 -3.4e+38 -3.4e+38 -3.4e+38 -3.4e+38 -3.4e+38 -3.4e+38 -3.4e+38 156.222229003906 155.555557250977 153.777770996094 152.33332824707 153.111114501953 153.33332824707 152.111114501953 154.444442749023 152.555557250977 151.444442749023 152.222229003906 152.777770996094 152.555557250977 154.444442749023 154.888885498047 154.66667175293 154.33332824707 153.33332824707 155.66667175293 157.777770996094 157.777770996094 160.222229003906 159.444442749023 161.555557250977 164.222229003906 162 165 166.111114501953 166 164.555557250977 165.33332824707 165.555557250977 165.777770996094 164.111114501953 164.66667175293 163.111114501953 163.66667175293 161.444442749023 162.222229003906 162 162.444442749023 163.111114501953 162.66667175293 162.66667175293 161.111114501953 155.222229003906 152.222229003906
-3.4e+38 -3.4e+38 -3.4e+38 -3.4e+38 -3.4e+38 -3.4e+38 -3.4e+38 -3.4e+38 -3.4e+38 152.444442749023 152.444442749023 153.888885498047 154.222229003906 153.111114501953 153.444442749023 152.66667175293 152.777770996094 152.33332824707 -3.4e+38 -3.4e+38 153 152.222229003906 154.66667175293 152.444442749023 151.444442749023 152 153.66667175293 155.777770996094 157.66667175293 158.888885498047 157.222229003906 158.444442749023 159.111114501953 162.111114501953 161.33332824707 162.222229003906 162.111114501953 164 165 164.66667175293 164.444442749023 162.66667175293 162.222229003906 163.66667175293 161.555557250977 162.777770996094 161.66667175293 163 162.888885498047 163.555557250977 162.222229003906 161.888885498047 160.888885498047 152.66667175293 155.66667175293
-3.4e+38 -3.4e+38 -3.4e+38 -3.4e+38 -3.4e+38 -3.4e+38 -3.4e+38 -3.4e+38 -3.4e+38 155.111114501953 155.66667175293 154.444442749023 156.111114501953 155.555557250977 -3.4e+38 -3.4e+38 -3.4e+38 -3.4e+38 -3.4e+38 -3.4e+38 153.555557250977 153.33332824707 150.777770996094 152 153.66667175293 152.777770996094 154.33332824707 153.444442749023 153.888885498047 156.777770996094 157.111114501953 156.66667175293 158.66667175293 158.222229003906 157.888885498047 157.66667175293 158.555557250977 159.111114501953 161.66667175293 160.222229003906 161.777770996094 160.555557250977 160.66667175293 162.33332824707 161.33332824707 160.66667175293 162.222229003906 162.777770996094 162.444442749023 163.222229003906 163 161.444442749023 152 147.111114501953 150.444442749023
-3.4e+38 -3.4e+38 -3.4e+38 -3.4e+38 -3.4e+38 -3.4e+38 -3.4e+38 -3.4e+38 156.777770996094 156.222229003906 -3.4e+38 157.222229003906 -3.4e+38 -3.4e+38 -3.4e+38 -3.4e+38 -3.4e+38 -3.4e+38 -3.4e+38 -3.4e+38 151.111114501953 149.66667175293 149 151.777770996094 152 152.777770996094 152.555557250977 152.444442749023 152.555557250977 152.222229003906 154.111114501953 157.555557250977 157.555557250977 156.222229003906 156.66667175293 157.66667175293 160.111114501953 159.111114501953 160.222229003906 158.777770996094 159.888885498047 160.111114501953 160.222229003906 161.111114501953 160.66667175293 161.444442749023 161.66667175293 161 161.33332824707 158 159 153.777770996094 150.222229003906 148.222229003906 151.33332824707
-3.4e+38 -3.4e+38 -3.4e+38 -3.4e+38 -3.4e+38 -3.4e+38 -3.4e+38 -3.4e+38 -3.4e+38 -3.4e+38 -3.4e+38 -3.4e+38 -3.4e+38 -3.4e+38 -3.4e+38 -3.4e+38 -3.4e+38 -3.4e+38 151.555557250977 150.66667175293 149 149.888885498047 149.66667175293 152 151.66667175293 151.111114501953 151.111114501953 152.777770996094 153.777770996094 153 153.33332824707 155.111114501953 156.66667175293 156.888885498047 156.66667175293 157.33332824707 157.111114501953 157.777770996094 159.444442749023 162.33332824707 162.888885498047 159.222229003906 160.444442749023 161.111114501953 160.777770996094 157.777770996094 160.777770996094 160.111114501953 158.555557250977 153.555557250977 150.222229003906 148.33332824707 148.33332824707 149.444442749023 151.777770996094
-3.4e+38 -3.4e+38 -3.4e+38 -3.4e+38 -3.4e+38 -3.4e+38 -3.4e+38 -3.4e+38 -3.4e+38 -3.4e+38 -3.4e+38 -3.4e+38 -3.4e+38 -3.4e+38 -3.4e+38 -3.4e+38 -3.4e+38 -3.4e+38 151.66667175293 150.888885498047 151 149.33332824707 150 151.444442749023 151.66667175293 150.777770996094 152.777770996094 152.66667175293 152.888885498047 151.777770996094 153.111114501953 153.444442749023 155.444442749023 155.555557250977 156 156.555557250977 157.555557250977 158.111114501953 159.888885498047 162.222229003906 159.888885498047 159.222229003906 160.222229003906 161 161.111114501953 161 157.66667175293 153.33332824707 160.555557250977 153.888885498047 148.777770996094 148.777770996094 148.33332824707 149 148.33332824707
-3.4e+38 -3.4e+38 -3.4e+38 -3.4e+38 -3.4e+38 -3.4e+38 -3.4e+38 -3.4e+38 -3.4e+38 -3.4e+38 -3.4e+38 -3.4e+38 -3.4e+38 -3.4e+38 -3.4e+38 -3.4e+38 -3.4e+38 -3.4e+38 151.777770996094 150.555557250977 150.777770996094 150.66667175293 150.777770996094 149.66667175293 150.888885498047 149.777770996094 152.111114501953 152.66667175293 152.888885498047 153.444442749023 153.66667175293 153.33332824707 155.111114501953 154.777770996094 155.222229003906 155.555557250977 157 160.33332824707 158.222229003906 157 159.222229003906 159.888885498047 160.777770996094 162.888885498047 161.777770996094 162.66667175293 161.66667175293 150.66667175293 158 153.111114501953 146.444442749023 146 144.777770996094 147.444442749023 148
-3.4e+38 -3.4e+38 -3.4e+38 -3.4e+38 -3.4e+38 -3.4e+38 -3.4e+38 -3.4e+38 -3.4e+38 -3.4e+38 -3.4e+38 -3.4e+38 -3.4e+38 -3.4e+38 -3.4e+38 -3.4e+38 -3.4e+38 -3.4e+38 152.777770996094 150.777770996094 149 150.555557250977 150.888885498047 150.888885498047 151.33332824707 152.111114501953 152.555557250977 150.777770996094 151 151.777770996094 152.444442749023 153.222229003906 153.66667175293 154.111114501953 155.444442749023 155.33332824707 156.66667175293 156.777770996094 156.444442749023 156.66667175293 159 160.111114501953 159 161.222229003906 160.222229003906 161.777770996094 156.444442749023 153.33332824707 149.888885498047 148.222229003906 145.222229003906 144.33332824707 146.444442749023 149.111114501953 149.777770996094
-3.4e+38 -3.4e+38 -3.4e+38 -3.4e+38 -3.4e+38 -3.4e+38 -3.4e+38 -3.4e+38 -3.4e+38 -3.4e+38 -3.4e+38 -3.4e+38 -3.4e+38 -3.4e+38 -3.4e+38 -3.4e+38 -3.4e+38 -3.4e+38 152.444442749023 152.555557250977 153 151.33332824707 150.555557250977 151.777770996094 147 150.888885498047 153.111114501953 153 152.444442749023 152.111114501953 154.111114501953 154.777770996094 155.33332824707 154.66667175293 155.111114501953 155.444442749023 156.33332824707 156.66667175293 156.444442749023 156.888885498047 158.33332824707 158.66667175293 159.444442749023 161.444442749023 158.444442749023 159 161.555557250977 157.33332824707 149.555557250977 148.444442749023 146.222229003906 146.777770996094 146.777770996094 146.33332824707 148.66667175293
-3.4e+38 -3.4e+38 -3.4e+38 -3.4e+38 -3.4e+38 -3.4e+38 -3.4e+38 -3.4e+38 -3.4e+38 -3.4e+38 -3.4e+38 -3.4e+38 -3.4e+38 -3.4e+38 -3.4e+38 -3.4e+38 -3.4e+38 -3.4e+38 147.444442749023 151.66667175293 153.222229003906 154.66667175293 153.555557250977 148.111114501953 147.555557250977 147.444442749023 150.33332824707 148.66667175293 149.33332824707 146.777770996094 147.111114501953 146.444442749023 147.33332824707 147.444442749023 152.777770996094 154.444442749023 154.777770996094 155.66667175293 156.888885498047 157.111114501953 157.555557250977 156.444442749023 153.888885498047 152.444442749023 152 149.111114501953 149.555557250977 148.222229003906 150.66667175293 147.222229003906 147.555557250977 146.444442749023 146.111114501953 144.66667175293 144.888885498047
-3.4e+38 -3.4e+38 -3.4e+38 -3.4e+38 -3.4e+38 -3.4e+38 -3.4e+38 -3.4e+38 -3.4e+38 -3.4e+38 -3.4e+38 -3.4e+38 -3.4e+38 -3.4e+38 -3.4e+38 -3.4e+38 -3.4e+38 -3.4e+38 149.111114501953 149.444442749023 153.888885498047 156.66667175293 154.444442749023 150.66667175293 148.111114501953 148.555557250977 148.777770996094 148.888885498047 146.777770996094 147.555557250977 148 144.777770996094 144.444442749023 146 149.33332824707 149.555557250977 152.888885498047 156.111114501953 156.888885498047 155.444442749023 153 152.66667175293 150.66667175293 149.888885498047 150.222229003906 148.555557250977 144.777770996094 146 146 146.555557250977 145.66667175293 146.444442749023 145.111114501953 145.222229003906 144.222229003906
-3.4e+38 -3.4e+38 -3.4e+38 -3.4e+38 -3.4e+38 -3.4e+38 -3.4e+38 -3.4e+38 -3.4e+38 -3.4e+38 -3.4e+38 -3.4e+38 -3.4e+38 -3.4e+38 -3.4e+38 -3.4e+38 -3.4e+38 -3.4e+38 146.111114501953 149 155.33332824707 156.66667175293 157 155.111114501953 150.888885498047 149.33332824707 148.777770996094 146.33332824707 144.777770996094 147.444442749023 147.555557250977 144.777770996094 145.111114501953 146.111114501953 147 148 150.444442749023 153.777770996094 159.444442749023 154 151.444442749023 150.33332824707 149.444442749023 148.33332824707 147.777770996094 147.222229003906 147.111114501953 146.111114501953 148.222229003906 150.222229003906 148.777770996094 147.222229003906 146.111114501953 145.222229003906 146
