mean_LGM.asc
NCOLS 429 
NROWS 360 
XLLCORNER -9.666666667 
YLLCORNER 36.083333333 
CELLSIZE 0.0416666666666667 
NODATA_value -3.4e+38 
[rows 175 to 199 of 360, columns 55 to 109 of 429]
57 57.3333320617676 57.3333320617676 58.3333320617676 57.6666679382324 -3.4e+38 -3.4e+38 -3.4e+38 -3.4e+38 -3.4e+38 -3.4e+38 -3.4e+38 -3.4e+38 -3.4e+38 -3.4e+38 -3.4e+38 -3.4e+38 -3.4e+38 -3.4e+38 -3.4e+38 -3.4e+38 -3.4e+38 -3.4e+38 -3.4e+38 -3.4e+38 -3.4e+38 -3.4e+38 -3.4e+38 -3.4e+38 -3.4e+38 -3.4e+38 -3.4e+38 -3.4e+38 -3.4e+38 -3.4e+38 -3.4e+38 -3.4e+38 -3.4e+38 -3.4e+38 -3.4e+38 -3.4e+38 -3.4e+38 -3.4e+38 -3.4e+38 -3.4e+38 -3.4e+38 -3.4e+38 -3.4e+38 -3.4e+38 -3.4e+38 -3.4e+38 -3.4e+38 -3.4e+38 -3.4e+38 -3.4e+38
57 57.3333320617676 58 57.6666679382324 58.3333320617676 58.3333320617676 -3.4e+38 -3.4e+38 -3.4e+38 -3.4e+38 -3.4e+38 -3.4e+38 -3.4e+38 61 60.6666679382324 61 61.3333320617676 60.6666679382324 60.3333320617676 61.3333320617676 60.6666679382324 60.6666679382324 -3.4e+38 -3.4e+38 -3.4e+38 -3.4e+38 -3.4e+38 -3.4e+38 -3.4e+38 -3.4e+38 -3.4e+38 -3.4e+38 -3.4e+38 -3.4e+38 -3.4e+38 -3.4e+38 -3.4e+38 -3.4e+38 -3.4e+38 -3.4e+38 -3.4e+38 -3.4e+38 -3.4e+38 -3.4e+38 -3.4e+38 -3.4e+38 -3.4e+38 -3.4e+38 -3.4e+38 -3.4e+38 -3.4e+38 -3.4e+38 -3.4e+38 -3.4e+38 -3.4e+38
57 57.6666679382324 57.6666679382324 58.6666679382324 59 59.3333320617676 59.6666679382324 60.3333320617676 61 61.6666679382324 61.6666679382324 62 61 62.3333320617676 61.6666679382324 62.6666679382324 62.6666679382324 63 62.6666679382324 63.3333320617676 61.3333320617676 62 60.6666679382324 61 60.6666679382324 60.3333320617676 61.3333320617676 62 -3.4e+38 -3.4e+38 -3.4e+38 -3.4e+38 -3.4e+38 60.3333320617676 59 58.3333320617676 58.3333320617676 58.6666679382324 58.6666679382324 58.6666679382324 59 59 59.3333320617676 59.6666679382324 59.6666679382324 59.6666679382324 59.3333320617676 59.3333320617676 59.3333320617676 59.3333320617676 59.3333320617676 59.6666679382324 59.6666679382324 60.3333320617676 60.6666679382324
57.3333320617676 58 58 59 59.6666679382324 59.6666679382324 60 61.3333320617676 61 61 61.6666679382324 62.6666679382324 63 63.3333320617676 62.6666679382324 64 66 65.3333358764648 65 64.6666641235352 62 62 61.3333320617676 61.3333320617676 61 61 61.6666679382324 61 61 61.3333320617676 62 61.3333320617676 60.3333320617676 59.6666679382324 59 59 58 58.3333320617676 58.3333320617676 58.6666679382324 58.6666679382324 59.3333320617676 59.3333320617676 59.3333320617676 59.3333320617676 59.6666679382324 59.3333320617676 60.3333320617676 60.3333320617676 60 60.6666679382324 60.3333320617676 59.6666679382324 60.3333320617676 60.3333320617676
58 58.3333320617676 59.3333320617676 60 60.6666679382324 60.3333320617676 61.6666679382324 61.3333320617676 63 63.6666679382324 68 67.3333358764648 68.6666641235352 68.6666641235352 69.3333358764648 70.3333358764648 70.3333358764648 74 74.3333358764648 72.6666641235352 71 64 64.6666641235352 64 63.3333320617676 63 63.6666679382324 61 60.6666679382324 60.6666679382324 61.3333320617676 60 59.6666679382324 59.6666679382324 59.3333320617676 59.3333320617676 59 59 59 59 59 59.3333320617676 59.6666679382324 59.6666679382324 60 59.6666679382324 60 61 61 61.6666679382324 61.6666679382324 62 60.6666679382324 62.3333320617676 62.3333320617676
58.6666679382324 59 60 60.6666679382324 61.3333320617676 63.3333320617676 64 65 66.6666641235352 72 74 74.3333358764648 74.6666641235352 77.3333358764648 78.3333358764648 76.3333358764648 75.3333358764648 77.3333358764648 70.6666641235352 74.6666641235352 75.3333358764648 66 64.6666641235352 63 62 62.6666679382324 61.6666679382324 61.6666679382324 61 60.3333320617676 60 59.3333320617676 59.3333320617676 59.6666679382324 59.6666679382324 59 59.6666679382324 59 59.3333320617676 59.6666679382324 59.3333320617676 59 59.3333320617676 59 59.6666679382324 59.6666679382324 60.3333320617676 61.6666679382324 61 61.6666679382324 63 62.6666679382324 63.3333320617676 63 62.6666679382324
60 61 62.6666679382324 64.6666641235352 65 68.3333358764648 71.6666641235352 74 77 75.6666641235352 81.3333358764648 86.3333358764648 81 86.6666641235352 91.3333358764648 87.3333358764648 86.6666641235352 85 78.6666641235352 86.3333358764648 85.3333358764648 76 71 73 71.6666641235352 68.6666641235352 69 65.3333358764648 63.3333320617676 63 60.3333320617676 61 59.6666679382324 60 59.6666679382324 59.6666679382324 59.3333320617676 59.3333320617676 59 59.6666679382324 59.6666679382324 59.6666679382324 60 60.3333320617676 60.6666679382324 60 60.6666679382324 62 61.3333320617676 63.3333320617676 63.6666679382324 66.3333358764648 66 65.6666641235352 66
61.3333320617676 62 63.3333320617676 64.3333358764648 64.6666641235352 71.3333358764648 77.3333358764648 75.3333358764648 82 80 77 83.6666641235352 82.6666641235352 78.6666641235352 82 93 90 80.3333358764648 84 85 81.6666641235352 81 74.6666641235352 76.3333358764648 74.6666641235352 74.6666641235352 73 68 65 63 61.3333320617676 61 61.6666679382324 60.6666679382324 59.3333320617676 59.6666679382324 59 60 59.6666679382324 60.6666679382324 60.3333320617676 60.3333320617676 61.3333320617676 61.3333320617676 63.6666679382324 63.3333320617676 62 62.6666679382324 64 65.6666641235352 64.3333358764648 65.6666641235352 66.6666641235352 65.3333358764648 67
64.3333358764648 66.6666641235352 67.3333358764648 67.3333358764648 69.6666641235352 79 83.3333358764648 85 84.3333358764648 89.3333358764648 81.6666641235352 82 75.6666641235352 80 88.3333358764648 102 87.3333358764648 80.6666641235352 79.3333358764648 85.3333358764648 89 92.6666641235352 79.6666641235352 81 78.6666641235352 78 76 73.6666641235352 68.3333358764648 69 64.3333358764648 64 64 61.3333320617676 60.6666679382324 61.3333320617676 60.6666679382324 61.3333320617676 60.3333320617676 61.6666679382324 61.6666679382324 63.3333320617676 69 74.3333358764648 66.3333358764648 67 70.3333358764648 69 70.3333358764648 72 81.6666641235352 82 75 74.6666641235352 69
64.3333358764648 65.6666641235352 68 69 79 81.6666641235352 76 78.3333358764648 77.6666641235352 76.3333358764648 73.3333358764648 76.6666641235352 82.3333358764648 95.3333358764648 96.6666641235352 94.6666641235352 90.6666641235352 82.6666641235352 89 94 94.6666641235352 92 78.3333358764648 92 77.3333358764648 78.6666641235352 82 78.3333358764648 76 72.3333358764648 70.3333358764648 66.3333358764648 64 64 62.6666679382324 60 60.3333320617676 61 60.6666679382324 61.3333320617676 61.3333320617676 64.3333358764648 66.6666641235352 68 69 72.3333358764648 73.3333358764648 75.3333358764648 74 77 85 77.6666641235352 78.6666641235352 85 78.3333358764648
65.3333358764648 66.6666641235352 74.3333358764648 77.3333358764648 88 84.3333358764648 81.6666641235352 78.6666641235352 73 72.3333358764648 74 76 88.3333358764648 88 80 82.6666641235352 82.6666641235352 87 86.3333358764648 92.3333358764648 94.6666641235352 91 94.6666641235352 97.6666641235352 81.6666641235352 82 89.6666641235352 86.3333358764648 84 81.6666641235352 77.6666641235352 74.6666641235352 70 66.6666641235352 65 63.6666679382324 63.3333320617676 63 64.3333358764648 65.3333358764648 69.3333358764648 69.6666641235352 79 80.6666641235352 77 75 85.3333358764648 83 85 88.6666641235352 88 90.6666641235352 95.3333358764648 90.3333358764648 92
66.3333358764648 69.3333358764648 71.6666641235352 81 87.6666641235352 81.6666641235352 73 73.3333358764648 73 74.6666641235352 80.6666641235352 79.6666641235352 101.333335876465 94.6666641235352 88 87.6666641235352 91.6666641235352 97.3333358764648 91 90.6666641235352 96 85.6666641235352 92.6666641235352 90 89 90.6666641235352 87.3333358764648 96.3333358764648 88.6666641235352 86.6666641235352 86 83.6666641235352 79.6666641235352 70.3333358764648 66 65 66 66.6666641235352 73 70 71.6666641235352 83.3333358764648 86.6666641235352 88.6666641235352 91.3333358764648 91 92.3333358764648 87 95.3333358764648 93.3333358764648 97 96.6666641235352 95 91.3333358764648 96
70 71.6666641235352 71.6666641235352 77.6666641235352 78.6666641235352 72 72.3333358764648 73.6666641235352 79.3333358764648 78 81 92.3333358764648 102.333335876465 102.333335876465 95.3333358764648 92 102 100.333335876465 97.3333358764648 99.3333358764648 103.666664123535 105.666664123535 95.6666641235352 96.6666641235352 97.6666641235352 91.6666641235352 104.333335876465 95.3333358764648 100.333335876465 92.3333358764648 110.666664123535 114.666664123535 87.3333358764648 90 88 87.6666641235352 83 78.3333358764648 84.3333358764648 87.3333358764648 91 93.6666641235352 95 87.6666641235352 100.666664123535 107.333335876465 99.6666641235352 100.333335876465 99 108.666664123535 109.333335876465 104.666664123535 102.333335876465 100.666664123535 102.333335876465
70.6666641235352 73.6666641235352 70.6666641235352 74.6666641235352 78 74 78.3333358764648 75.3333358764648 78.3333358764648 83.6666641235352 88 92.3333358764648 97.6666641235352 92.6666641235352 93 100 108.666664123535 105.666664123535 104.666664123535 105.333335876465 112 102 96.6666641235352 108.333335876465 103 124 113 98.6666641235352 117.666664123535 120.333335876465 141.66667175293 111 93.3333358764648 142 153 94 93.3333358764648 94 93 99.6666641235352 102.666664123535 105.333335876465 106.666664123535 104.666664123535 107.333335876465 105.666664123535 107.666664123535 116 122 129.66667175293 128.66667175293 119.333335876465 117.333335876465 121.333335876465 113.666664123535
73 73 72.6666641235352 75 83 79.3333358764648 77.6666641235352 80.3333358764648 80.3333358764648 86 85 90 107.333335876465 96.3333358764648 98.6666641235352 116.333335876465 112.333335876465 113.666664123535 116.333335876465 118.333335876465 121.333335876465 106.333335876465 108.666664123535 141.66667175293 143 126.333335876465 115.333335876465 140.33332824707 152.66667175293 146.33332824707 130 128.33332824707 104.333335876465 107.666664123535 164.66667175293 139 109.333335876465 104 104 114 116.666664123535 127 123.666664123535 132 133 131 140 129.33332824707 128 139.33332824707 158 155.66667175293 132.66667175293 137 131
73.6666641235352 72.6666641235352 72.6666641235352 81.3333358764648 78.3333358764648 75 77 80.3333358764648 85.3333358764648 88 93.3333358764648 96.3333358764648 98 102 104 117.333335876465 122.333335876465 123 129 132 138.33332824707 146.66667175293 149.66667175293 146.66667175293 152.33332824707 140.66667175293 143.66667175293 153 158 151.33332824707 140.33332824707 160.66667175293 167 123.666664123535 126 144.66667175293 124 124.333335876465 146.33332824707 134.33332824707 134 145.33332824707 139.66667175293 148.33332824707 169 168.66667175293 171.66667175293 155.33332824707 168.66667175293 158 158.33332824707 163.66667175293 164 166.66667175293 153
70.6666641235352 71.3333358764648 72.6666641235352 76 77 80 81.3333358764648 84.6666641235352 91 89 95.6666641235352 114 107.666664123535 114.666664123535 121 125.666664123535 129.66667175293 144.66667175293 148.66667175293 146.33332824707 158 163.33332824707 154.66667175293 150.33332824707 162.33332824707 168.33332824707 165 166.33332824707 173.66667175293 174.66667175293 177.66667175293 189 177.33332824707 192 193.66667175293 166 169.33332824707 150 176 179 185 183 186.33332824707 180 183 190.33332824707 183 195 194.33332824707 177.66667175293 179.66667175293 181.66667175293 179 190 192.33332824707
69.3333358764648 70.6666641235352 72.3333358764648 75.6666641235352 76.6666641235352 80.6666641235352 86 91.6666641235352 91.6666641235352 102.666664123535 109.333335876465 112.666664123535 121 121.333335876465 128.66667175293 132.33332824707 141 144.66667175293 162 166.66667175293 165 165.33332824707 172.66667175293 157 154 159 169.33332824707 178.33332824707 167.66667175293 169.33332824707 169 175.66667175293 176 179.66667175293 173.33332824707 195.66667175293 195.66667175293 194 196.66667175293 196.66667175293 193 194 201.33332824707 217 193 200.33332824707 202.66667175293 195.66667175293 202 199.33332824707 202.33332824707 201.66667175293 194 196 197
74.6666641235352 75.6666641235352 73.3333358764648 76.3333358764648 82 85.6666641235352 89 91.3333358764648 97 108.666664123535 109.666664123535 119.666664123535 136.66667175293 137.66667175293 138.33332824707 136.66667175293 150.66667175293 162.66667175293 178.33332824707 161.33332824707 147.33332824707 167 162.66667175293 153.66667175293 156.33332824707 151.33332824707 161 173.66667175293 168.66667175293 159.66667175293 162.33332824707 175.66667175293 191.66667175293 176.33332824707 177.66667175293 210.66667175293 211.66667175293 220.66667175293 207 189.33332824707 201.33332824707 182 202.66667175293 199 201 194.33332824707 213.66667175293 196 209 207.66667175293 213.33332824707 222.66667175293 201.33332824707 220 206.33332824707
75 76 75.3333358764648 79 83 88 95 95.6666641235352 109.333335876465 121.666664123535 123.666664123535 132 141.33332824707 161 176 157.33332824707 154.66667175293 172.66667175293 158.33332824707 159.33332824707 151.66667175293 153.66667175293 157.33332824707 169.66667175293 174.66667175293 172.66667175293 172.66667175293 191.66667175293 184.33332824707 177 197 188.33332824707 207.66667175293 204.66667175293 189.66667175293 184.66667175293 191 225.33332824707 213 215.66667175293 224.66667175293 210 212.66667175293 233.33332824707 223.66667175293 212.66667175293 228.33332824707 220 221 226.33332824707 242 226 226.33332824707 220.33332824707 233.33332824707
75 75.6666641235352 79 82.3333358764648 86.3333358764648 93 97 118 124 133 139.66667175293 143.66667175293 152.33332824707 141 176 161.66667175293 159.66667175293 151.33332824707 172.66667175293 172.66667175293 171 167 167 188 202.33332824707 218 210.33332824707 204.66667175293 194 192.66667175293 188.33332824707 201.33332824707 210 228 217.33332824707 209 217 207.33332824707 230 228.66667175293 224 234 223.66667175293 234.33332824707 224.33332824707 221.66667175293 238 234.66667175293 229.66667175293 264 264.666656494141 251.33332824707 243.66667175293 250 247
75.3333358764648 77 80.3333358764648 84.3333358764648 89.6666641235352 101 109 134.33332824707 138.33332824707 138 141 137 135.66667175293 140 136.33332824707 135 155 165 164 163.33332824707 160.33332824707 172 179 205.33332824707 200.33332824707 174.66667175293 183.66667175293 196.66667175293 189.66667175293 179.66667175293 171 177.66667175293 196.66667175293 211.66667175293 243.33332824707 270.333343505859 246.66667175293 209.66667175293 250 247.66667175293 261.333343505859 251.33332824707 252 246.66667175293 253 240.66667175293 237.66667175293 265.666656494141 250.66667175293 294.666656494141 253 258.666656494141 269 302.333343505859 270
79.6666641235352 79.3333358764648 84 92 99.3333358764648 106.333335876465 124.666664123535 144.66667175293 143 144 139.66667175293 160.33332824707 134.66667175293 130.33332824707 148.33332824707 159.33332824707 149 167 216.33332824707 212 205 207 241.66667175293 185.33332824707 180.66667175293 183.33332824707 169.66667175293 188.33332824707 207.33332824707 207 198 194 210 202.33332824707 215.33332824707 253.33332824707 270.333343505859 220 211.66667175293 244 284.333343505859 292.666656494141 259.666656494141 272.333343505859 311.666656494141 288.333343505859 288.666656494141 314.666656494141 320 333.333343505859 300.666656494141 281.333343505859 288.666656494141 322.666656494141 297.333343505859
84 82.6666641235352 91.3333358764648 101 108 115.333335876465 133.66667175293 134.66667175293 147 139 146.33332824707 135.33332824707 123.666664123535 149 156 185.66667175293 190.66667175293 214 241.33332824707 237.66667175293 257.333343505859 246.33332824707 209.66667175293 189.33332824707 170.33332824707 168.33332824707 178.33332824707 192 206 216.33332824707 248.33332824707 265.666656494141 271.666656494141 263 286 296.333343505859 286.666656494141 305.666656494141 275.666656494141 272.333343505859 276.666656494141 381.666656494141 322.666656494141 347.666656494141 381 350.666656494141 352 344.333343505859 346 354.666656494141 341.333343505859 332.333343505859 337.333343505859 351.666656494141 321
83.6666641235352 86.6666641235352 96.3333358764648 105 115.333335876465 122 134.66667175293 140.33332824707 141 164 158.66667175293 129.33332824707 148.66667175293 158.66667175293 201.66667175293 189 230 287.666656494141 266.333343505859 236.66667175293 267 218.66667175293 182 178 205.66667175293 237.66667175293 212 202.33332824707 220.66667175293 230.66667175293 230.66667175293 251.33332824707 269.333343505859 329 365 341.333343505859 332 381.333343505859 391.666656494141 342 370.666656494141 426.333343505859 384.666656494141 415.333343505859 435.666656494141 362.333343505859 360.333343505859 384.333343505859 391.666656494141 390.333343505859 357.333343505859 382 377 394.666656494141 377
