mean_LGM.asc
NCOLS 429 
NROWS 360 
XLLCORNER -9.666666667 
YLLCORNER 36.083333333 
CELLSIZE 0.0416666666666667 
NODATA_value -3.4e+38 
[rows 96 to 119 of 360, columns 275 to 329 of 429]
149.66667175293 149.33332824707 147.66667175293 147.66667175293 146.33332824707 148 162 159.66667175293 145.33332824707 146 153.33332824707 151.66667175293 161.66667175293 148.66667175293 148.66667175293 146.33332824707 137.33332824707 141.66667175293 142 124.333335876465 124 120.666664123535 118.666664123535 107.333335876465 106.666664123535 118.333335876465 105.333335876465 104.333335876465 103.333335876465 104.666664123535 102.666664123535 97.6666641235352 98 96.6666641235352 91 99.6666641235352 92.3333358764648 94 119.333335876465 116.666664123535 115 89 113.666664123535 113 109.333335876465 111.333335876465 111.333335876465 86.3333358764648 114 114.333335876465 118.333335876465 128.66667175293 131.66667175293 137.66667175293 138
147 146.33332824707 146 147.66667175293 146.33332824707 159.66667175293 159.66667175293 157 142.66667175293 143 155.66667175293 150 150 149 147.66667175293 146.66667175293 145.33332824707 129 137.66667175293 124.333335876465 121 119 107 105.666664123535 106.666664123535 116.333335876465 104.666664123535 104.666664123535 103 99.6666641235352 99 98 96 96.3333358764648 96.6666641235352 91 91 90.6666641235352 90.6666641235352 119.666664123535 89 88.6666641235352 88.6666641235352 86.3333358764648 86.3333358764648 86 86 86.3333358764648 84.6666641235352 113.666664123535 123.333335876465 132.33332824707 133.66667175293 137.33332824707 138
145 146.66667175293 161 146.66667175293 147 158.66667175293 159.66667175293 156.33332824707 156.33332824707 151 148.33332824707 148 148.66667175293 147.66667175293 146.33332824707 141.33332824707 145 140.33332824707 125.666664123535 123.333335876465 130 118 115 104.666664123535 115.666664123535 102 101.666664123535 110.666664123535 111.666664123535 104.666664123535 106.666664123535 106 98.3333358764648 98 96 90.6666641235352 90.6666641235352 90 90.6666641235352 102 101.333335876465 87.6666641235352 87.6666641235352 87.6666641235352 86 85.3333358764648 86 105 84.3333358764648 110 117.333335876465 130.66667175293 137.33332824707 138 137
144.66667175293 144 146.66667175293 145.33332824707 158 156.33332824707 155.33332824707 154.66667175293 154.66667175293 155.33332824707 153.66667175293 139 145.33332824707 145.66667175293 143.33332824707 149 140 127 125.666664123535 118.333335876465 129 116.666664123535 105 117 102.333335876465 102 112.666664123535 111 106.333335876465 103.666664123535 107.333335876465 104.333335876465 94.6666641235352 94.6666641235352 95.6666641235352 96 89.6666641235352 90.6666641235352 101.333335876465 101.333335876465 99.3333358764648 87.6666641235352 99.3333358764648 88 87.6666641235352 85.3333358764648 98 98 84 110.333335876465 116 121.333335876465 132 137 130.66667175293
158.66667175293 158.66667175293 157.66667175293 156.66667175293 156.33332824707 156.33332824707 154.66667175293 147.66667175293 154.66667175293 153 152.33332824707 149.66667175293 151.33332824707 154.66667175293 148.33332824707 139.66667175293 140 125.666664123535 135 129.66667175293 127.666664123535 125.666664123535 126.666664123535 114 112.666664123535 110 106.666664123535 107 104.666664123535 103.666664123535 95.6666641235352 102 95.6666641235352 95 94.3333358764648 94.6666641235352 94.6666641235352 89.6666641235352 90 101 101.333335876465 99.3333358764648 98.6666641235352 87 98.6666641235352 98.3333358764648 97.3333358764648 97.3333358764648 96.6666641235352 95.6666641235352 118.666664123535 117 123 124 119.333335876465
157 157 155.33332824707 156 154.33332824707 149.66667175293 151.33332824707 151.66667175293 157 151.33332824707 150.33332824707 147 147.33332824707 147.33332824707 140.33332824707 140 138.66667175293 135 132 127.666664123535 127.333335876465 125 111.666664123535 123 125 119 119.333335876465 118.333335876465 103.666664123535 95.3333358764648 103 104.333335876465 102 94.3333358764648 94.3333358764648 94.6666641235352 106.666664123535 106 101.333335876465 101 100.333335876465 100.333335876465 100.666664123535 98 98.3333358764648 96.6666641235352 96.6666641235352 96.6666641235352 96 95.6666641235352 96 95.3333358764648 94.6666641235352 100.333335876465 96.6666641235352
141.66667175293 156 154.66667175293 155.33332824707 153.33332824707 153 150.66667175293 149 149 146.33332824707 146.33332824707 146.33332824707 146.66667175293 140 140.33332824707 139 134 130.33332824707 129.33332824707 127.333335876465 126 124 124 123.333335876465 122.333335876465 118.666664123535 118.333335876465 117 106.666664123535 105.666664123535 114 104.333335876465 101 114 105 105.666664123535 105 105 103.666664123535 99.6666641235352 100 99.6666641235352 98.3333358764648 97.6666641235352 97.6666641235352 95.6666641235352 98 95.3333358764648 95.6666641235352 96.6666641235352 95 95.6666641235352 95.3333358764648 95.3333358764648 96
156.33332824707 154.66667175293 154.66667175293 152 151 150 150 163 157.66667175293 146.33332824707 144 144 138.33332824707 138 137.33332824707 133.66667175293 128 127 125.666664123535 124.333335876465 123.666664123535 123.333335876465 123.333335876465 122 118 118.333335876465 116.666664123535 114.666664123535 114 114 111.666664123535 105.666664123535 113 111.333335876465 104.666664123535 104.666664123535 104.666664123535 99.3333358764648 104 100 100.333335876465 99 97 97 97.6666641235352 97 98 95.6666641235352 96.6666641235352 96.6666641235352 95 94.3333358764648 95.6666641235352 96 97
166.33332824707 164.66667175293 164.66667175293 162.33332824707 161 146.33332824707 153.33332824707 153.33332824707 151 143.66667175293 137 137.66667175293 136.66667175293 133.33332824707 133.33332824707 143 130 126.333335876465 124.666664123535 124.333335876465 123.333335876465 123.333335876465 122.333335876465 116.666664123535 116 114.666664123535 115 112.333335876465 111.666664123535 111.666664123535 111.333335876465 110 110 103.666664123535 104.666664123535 104.666664123535 104.666664123535 105.333335876465 98.6666641235352 98.6666641235352 99 98.6666641235352 98.3333358764648 94.3333358764648 94.6666641235352 96.3333358764648 97.3333358764648 95.3333358764648 96 94.6666641235352 94.6666641235352 94.3333358764648 94 94 94.6666641235352
164.66667175293 149 143.33332824707 151.33332824707 151.33332824707 150.66667175293 146.66667175293 143.33332824707 133.66667175293 137.33332824707 137.66667175293 137.33332824707 136 133 139.66667175293 140 126.666664123535 140 127.666664123535 125 122.666664123535 120.666664123535 118.333335876465 117.333335876465 116.333335876465 115.666664123535 113.666664123535 112.333335876465 113.333335876465 112 112.666664123535 112.666664123535 111.333335876465 109.666664123535 103.666664123535 103.333335876465 103.666664123535 103.666664123535 102.666664123535 103.333335876465 96.3333358764648 95.6666641235352 98.3333358764648 95.6666641235352 93.6666641235352 95.6666641235352 97.3333358764648 96 96 94.6666641235352 93.6666641235352 93.3333358764648 93.3333358764648 94 94.3333358764648
163.33332824707 156.33332824707 159.33332824707 157.33332824707 152.66667175293 151.33332824707 151.33332824707 142.33332824707 145 150.33332824707 142.66667175293 141.66667175293 141 138.33332824707 139.33332824707 135.33332824707 126.666664123535 137.33332824707 138.33332824707 135.66667175293 119 113.666664123535 117.333335876465 115 114.333335876465 113 113 112.333335876465 112 111.333335876465 109.666664123535 110.666664123535 110.666664123535 108.666664123535 101.333335876465 101.666664123535 103 104 102.666664123535 101.666664123535 97 97.3333358764648 97.3333358764648 97.6666641235352 92 90.6666641235352 94.6666641235352 94.6666641235352 94 94.3333358764648 92.3333358764648 92.6666641235352 93 94 94.3333358764648
156.66667175293 150 150.33332824707 150.66667175293 151 149 149 149.33332824707 142.66667175293 142.66667175293 140 126.666664123535 138 123.666664123535 136.66667175293 135.66667175293 122.333335876465 135.33332824707 135 122.666664123535 113 124.333335876465 115 113 112.333335876465 111 111.333335876465 113.666664123535 112 111.666664123535 112 109.666664123535 110.666664123535 103 103 108.666664123535 101.333335876465 102.666664123535 102.333335876465 103 101.333335876465 97.3333358764648 95.3333358764648 98.3333358764648 95.3333358764648 89.6666641235352 92.6666641235352 97.3333358764648 94.6666641235352 94.6666641235352 92 92.3333358764648 93 94 94.6666641235352
159.66667175293 148.33332824707 148.33332824707 144 144 138.66667175293 150.66667175293 138 135.33332824707 135.66667175293 135.33332824707 135 132 134.33332824707 132 131 134 134 133.33332824707 134.66667175293 127 118 121.333335876465 121.666664123535 111 110 113 110.666664123535 111.333335876465 110 110 108.666664123535 108.666664123535 108 108 108.333335876465 100.666664123535 101 100.666664123535 78.6666641235352 101.333335876465 101.666664123535 100.333335876465 97.3333358764648 79 89 92.3333358764648 95.6666641235352 77.3333358764648 94.3333358764648 92.6666641235352 92.6666641235352 92.6666641235352 93 93.6666641235352
144.66667175293 136 135.33332824707 133.66667175293 135.33332824707 147.66667175293 147.66667175293 144.66667175293 132 142 131.33332824707 129 129 129.33332824707 128 122.333335876465 127.333335876465 131.33332824707 133 134.66667175293 127 125 123 113.333335876465 113 111.666664123535 110.333335876465 118 118 109.333335876465 78.6666641235352 109.333335876465 80 79.6666641235352 78.6666641235352 79.6666641235352 80.3333358764648 79.6666641235352 78.6666641235352 78.3333358764648 78.6666641235352 77.6666641235352 79 77.6666641235352 78.6666641235352 79 79 78.6666641235352 78.6666641235352 78.6666641235352 78 77.3333358764648 92.6666641235352 91.6666641235352 93.6666641235352
142.33332824707 143 143 136.33332824707 140 140 145 130 133 129.33332824707 127.333335876465 133.33332824707 131.33332824707 122.666664123535 121.333335876465 122 127.666664123535 127.666664123535 126.333335876465 135 124.333335876465 123 124.666664123535 123 123 111.666664123535 111 110 80 78.3333358764648 77.3333358764648 77.6666641235352 78 78 78.3333358764648 79.6666641235352 79.6666641235352 80 79.3333358764648 78.6666641235352 78 78.6666641235352 78.6666641235352 78 79 79 79 79.3333358764648 79 78 78 78.3333358764648 78.3333358764648 78 77.6666641235352
129.66667175293 130 130.33332824707 126 128 130 137 122.666664123535 118.333335876465 124 124 119.333335876465 131.66667175293 131.66667175293 128.33332824707 119.666664123535 121.333335876465 129 132.66667175293 133.66667175293 123 121 121.666664123535 122 123 120.333335876465 81 79.6666641235352 78 77.6666641235352 77 77.3333358764648 77 77.3333358764648 78.3333358764648 79 80.3333358764648 80 78.6666641235352 78.6666641235352 77.6666641235352 77.6666641235352 77.6666641235352 77.6666641235352 77.6666641235352 77 77.6666641235352 78.3333358764648 79 78 78 78.3333358764648 78.3333358764648 78 77.6666641235352
139.66667175293 137.66667175293 129 128 129.33332824707 130.66667175293 127.666664123535 128 123 122 123.666664123535 122.333335876465 124.333335876465 124 127 116.333335876465 120.333335876465 128.33332824707 133.33332824707 131 120 119 118.666664123535 82 119.333335876465 81.3333358764648 81 79 77.3333358764648 77.3333358764648 77 76.3333358764648 77 78 78 79 80.6666641235352 81 79.3333358764648 78.3333358764648 78.6666641235352 77.6666641235352 76.6666641235352 79 76.6666641235352 75.3333358764648 76.3333358764648 76.6666641235352 78.3333358764648 78 77.6666641235352 78.3333358764648 77.6666641235352 78 77.6666641235352
143.66667175293 141.33332824707 140 139.66667175293 139.66667175293 137.66667175293 135.66667175293 128.33332824707 128.66667175293 125.333335876465 125.666664123535 123.666664123535 125 123 123.666664123535 125.666664123535 125.333335876465 120.333335876465 142 131 118.666664123535 117.666664123535 79.6666641235352 80.3333358764648 81 80.6666641235352 79 78.3333358764648 77 77 77.3333358764648 76.3333358764648 77 77.6666641235352 78 79 80.6666641235352 81 79 77.6666641235352 77.6666641235352 78.6666641235352 77.6666641235352 76.6666641235352 76 75.3333358764648 75.3333358764648 76 76.3333358764648 75.6666641235352 77.6666641235352 77.3333358764648 78 77.6666641235352 77.3333358764648
140.33332824707 126.333335876465 127 133.66667175293 126.333335876465 126.666664123535 126.666664123535 128.33332824707 128.33332824707 123 120 124 124.333335876465 120.333335876465 119 120.666664123535 123.333335876465 113 133.66667175293 139 81.6666641235352 79.6666641235352 79.6666641235352 78.6666641235352 79.3333358764648 79 78.6666641235352 77.3333358764648 77.3333358764648 77 77.3333358764648 77.6666641235352 77 77.3333358764648 78.6666641235352 80.3333358764648 81 80.6666641235352 80 79.3333358764648 79.6666641235352 77.6666641235352 77 77.6666641235352 76.6666641235352 75 73.6666641235352 73.6666641235352 75.6666641235352 76.3333358764648 76.3333358764648 76.3333358764648 77.6666641235352 78 77.6666641235352
127.333335876465 131 128.66667175293 121 120.333335876465 119.666664123535 119.666664123535 125 121.666664123535 118.333335876465 118.666664123535 122.333335876465 123 123.333335876465 120.666664123535 113 123.333335876465 129.33332824707 120.333335876465 79.6666641235352 78 77 77.6666641235352 77.6666641235352 76.6666641235352 76.3333358764648 76.3333358764648 78 78.3333358764648 78 77.3333358764648 78.6666641235352 78.3333358764648 79 80.6666641235352 81.3333358764648 81 80.3333358764648 80.6666641235352 79.3333358764648 78.3333358764648 76.3333358764648 76.3333358764648 77.6666641235352 75.6666641235352 74.6666641235352 73.6666641235352 73.6666641235352 75.3333358764648 76.6666641235352 77.6666641235352 78.3333358764648 76.6666641235352 77.3333358764648 76.3333358764648
127.666664123535 132.66667175293 133 128.66667175293 125.666664123535 122.666664123535 126 119.333335876465 122.666664123535 120 122.666664123535 121 121.333335876465 122 122 123.333335876465 126.666664123535 115.333335876465 78 77.6666641235352 76.6666641235352 76.6666641235352 76.3333358764648 76.6666641235352 75 74.6666641235352 77 77.6666641235352 77 77 78 80 79.6666641235352 81 80.3333358764648 80.6666641235352 80.3333358764648 78.3333358764648 80 78 77.3333358764648 77 76.6666641235352 76.6666641235352 77 75.3333358764648 74.3333358764648 72.6666641235352 75 76.6666641235352 77 76.3333358764648 76 78.6666641235352 76.6666641235352
121.666664123535 128.66667175293 128.66667175293 129 127.333335876465 123 121 123.666664123535 118.666664123535 120.666664123535 123.666664123535 124 123 120.666664123535 124.333335876465 126.666664123535 126.666664123535 78.6666641235352 78 77 77.3333358764648 75 74 73 73 75 76.3333358764648 73.3333358764648 71.6666641235352 75 77.3333358764648 79.6666641235352 79 78.3333358764648 80.3333358764648 79.3333358764648 78.3333358764648 78 79.6666641235352 78 78.3333358764648 78 76 76.3333358764648 76.3333358764648 75.3333358764648 74.6666641235352 72.6666641235352 72.6666641235352 75.3333358764648 76.6666641235352 77 75 76 76.6666641235352
120 121.333335876465 118.333335876465 125.666664123535 127.666664123535 125.333335876465 123 120.666664123535 122.333335876465 123 127.333335876465 119 120.333335876465 120.666664123535 119 119.666664123535 126 77.3333358764648 77 76.6666641235352 74.6666641235352 74.6666641235352 73.6666641235352 72 72.6666641235352 72.6666641235352 74.3333358764648 73.3333358764648 74.3333358764648 75.6666641235352 77.6666641235352 79 78 78.6666641235352 79.6666641235352 79.6666641235352 78 78 80 78 77 75.3333358764648 75.6666641235352 75.6666641235352 73.6666641235352 74.3333358764648 72 70.6666641235352 70.6666641235352 72 75.6666641235352 77 76.3333358764648 76.3333358764648 77
122.666664123535 119 120 119 123 123.666664123535 128 122.666664123535 120.333335876465 120.666664123535 115.333335876465 117.333335876465 117 117 117.666664123535 125.333335876465 125.333335876465 76.6666641235352 77.3333358764648 75 75.6666641235352 74 72 70.6666641235352 72.3333358764648 72.3333358764648 76.3333358764648 78 76.3333358764648 78.3333358764648 78.6666641235352 78 76.3333358764648 78.3333358764648 79.3333358764648 78.6666641235352 78 77.6666641235352 78 78.3333358764648 77 75.6666641235352 75.3333358764648 74 74 72 69 67.3333358764648 65.3333358764648 69 75 77.3333358764648 77 76 77
