mean_LGM.asc
NCOLS 429 
NROWS 360 
XLLCORNER -9.666666667 
YLLCORNER 36.083333333 
CELLSIZE 0.0416666666666667 
NODATA_value -3.4e+38 
[rows 200 to 224 of 360, columns 0 to 54 of 429]
-3.4e+38 -3.4e+38 -3.4e+38 -3.4e+38 -3.4e+38 -3.4e+38 -3.4e+38 -3.4e+38 -3.4e+38 55.3333320617676 55.3333320617676 55.3333320617676 55 55 55 55 55 55 55 55 55 55 55 55 55 55 55 55 55.3333320617676 55.6666679382324 55.6666679382324 55.6666679382324 55.6666679382324 55.6666679382324 55.6666679382324 55.6666679382324 55.6666679382324 55.6666679382324 56 56.6666679382324 56.6666679382324 57.6666679382324 58 58.6666679382324 60 61.3333320617676 62.6666679382324 66 65.6666641235352 63 65 69.3333358764648 73.3333358764648 76.6666641235352 80.3333358764648
-3.4e+38 -3.4e+38 -3.4e+38 -3.4e+38 -3.4e+38 -3.4e+38 -3.4e+38 -3.4e+38 -3.4e+38 55.3333320617676 55.3333320617676 55.3333320617676 55 55 55 55 55 55 55 55 55 55 55 55 55 55.3333320617676 55.3333320617676 55.6666679382324 55.6666679382324 55.6666679382324 55.6666679382324 55.6666679382324 56 55.6666679382324 56 55.6666679382324 56.3333320617676 56.3333320617676 56.3333320617676 57 57.3333320617676 58 58.3333320617676 59.3333320617676 60.3333320617676 61.6666679382324 65.3333358764648 66.3333358764648 65 64 65 70.3333358764648 77 83 83.6666641235352
-3.4e+38 -3.4e+38 -3.4e+38 -3.4e+38 -3.4e+38 -3.4e+38 -3.4e+38 -3.4e+38 -3.4e+38 55.3333320617676 55.3333320617676 55 55 55 55 55 55 55 55 55 55 55 55 55.3333320617676 55 55.3333320617676 55.3333320617676 55.6666679382324 55.6666679382324 55.6666679382324 55.6666679382324 55.6666679382324 56.3333320617676 56.6666679382324 56.6666679382324 56.3333320617676 56.3333320617676 56.3333320617676 57 57.3333320617676 58 58 59 59.3333320617676 60.6666679382324 62 65.3333358764648 65.3333358764648 67 67.3333358764648 67.6666641235352 76.6666641235352 95 97.6666641235352 94
-3.4e+38 -3.4e+38 -3.4e+38 -3.4e+38 -3.4e+38 -3.4e+38 -3.4e+38 -3.4e+38 -3.4e+38 -3.4e+38 55.3333320617676 55 55 55 55 55 55 55 55 55 55 55 55 55 55 55.3333320617676 55.3333320617676 55.3333320617676 56 56 56 56 56.6666679382324 56.6666679382324 56.6666679382324 56.6666679382324 56.6666679382324 57 57.3333320617676 57.6666679382324 58.3333320617676 58.6666679382324 59 60 60.6666679382324 61.6666679382324 65.6666641235352 65.6666641235352 64.6666641235352 70 76.6666641235352 87.3333358764648 119 126.333335876465 120.666664123535
-3.4e+38 -3.4e+38 -3.4e+38 -3.4e+38 -3.4e+38 -3.4e+38 -3.4e+38 -3.4e+38 -3.4e+38 -3.4e+38 55 55 55 55 55 55 55 55 55 55 55 55 55 55 55.3333320617676 55.3333320617676 55.3333320617676 55.3333320617676 55.6666679382324 55.6666679382324 56.3333320617676 56.3333320617676 56 56.6666679382324 56.6666679382324 56.6666679382324 57 57.3333320617676 57.3333320617676 57.6666679382324 58.3333320617676 58.6666679382324 58.6666679382324 60 60 60.6666679382324 67 71.3333358764648 67 76.3333358764648 104.666664123535 120.333335876465 134.66667175293 136 139.33332824707
-3.4e+38 -3.4e+38 -3.4e+38 -3.4e+38 -3.4e+38 -3.4e+38 -3.4e+38 -3.4e+38 -3.4e+38 -3.4e+38 -3.4e+38 55 55 55 55 55 55 55 55 55 55 55 55.3333320617676 55.3333320617676 55.3333320617676 55.3333320617676 55.3333320617676 55.3333320617676 55.6666679382324 56 56.3333320617676 56 56.3333320617676 56.6666679382324 56.6666679382324 57 57.3333320617676 57.3333320617676 57.6666679382324 58.3333320617676 58.3333320617676 58.6666679382324 58.6666679382324 60 60.6666679382324 62.6666679382324 69.3333358764648 70.3333358764648 75.6666641235352 105 133.66667175293 148 149.66667175293 138.33332824707 132.33332824707
-3.4e+38 -3.4e+38 -3.4e+38 -3.4e+38 -3.4e+38 -3.4e+38 -3.4e+38 -3.4e+38 -3.4e+38 -3.4e+38 -3.4e+38 55 55 55 55 55 55 55 55 55 55 55.3333320617676 55.3333320617676 55.3333320617676 55.3333320617676 55.3333320617676 55.3333320617676 55.3333320617676 56.3333320617676 56.3333320617676 56.3333320617676 56.3333320617676 56.6666679382324 56.6666679382324 56.6666679382324 57 57.3333320617676 57.6666679382324 58.3333320617676 58.6666679382324 58.6666679382324 59.3333320617676 60 60.6666679382324 60.6666679382324 62.6666679382324 72 68.3333358764648 79 121.666664123535 133.33332824707 126.333335876465 116.333335876465 121.333335876465 120.666664123535
-3.4e+38 -3.4e+38 -3.4e+38 -3.4e+38 -3.4e+38 -3.4e+38 -3.4e+38 -3.4e+38 -3.4e+38 -3.4e+38 -3.4e+38 55 55 55 55 55 55 55 55 55 55.3333320617676 55.3333320617676 55.3333320617676 55.3333320617676 55.3333320617676 55.3333320617676 55.3333320617676 55.3333320617676 56 56 56.3333320617676 56.3333320617676 56.6666679382324 56.6666679382324 57 57.3333320617676 58 58.3333320617676 58.6666679382324 59.3333320617676 60.6666679382324 62 62.6666679382324 63.3333320617676 80 81.6666641235352 81.6666641235352 81 104.333335876465 100.666664123535 111.333335876465 117 104.666664123535 121 164
-3.4e+38 -3.4e+38 -3.4e+38 -3.4e+38 -3.4e+38 -3.4e+38 -3.4e+38 -3.4e+38 -3.4e+38 -3.4e+38 -3.4e+38 -3.4e+38 55 55 55 55 55 55 55.3333320617676 55.3333320617676 55.3333320617676 55.3333320617676 55.3333320617676 55.3333320617676 55.3333320617676 55.3333320617676 55.3333320617676 55.3333320617676 55.6666679382324 56.3333320617676 56.3333320617676 56.3333320617676 56.6666679382324 56.6666679382324 57.3333320617676 58 58.3333320617676 59 59.3333320617676 61 65 63.6666679382324 65.3333358764648 78 127.666664123535 82.3333358764648 67.6666641235352 65 86.6666641235352 90.3333358764648 107.333335876465 132.33332824707 136.66667175293 141.33332824707 107.333335876465
-3.4e+38 -3.4e+38 -3.4e+38 -3.4e+38 -3.4e+38 -3.4e+38 -3.4e+38 -3.4e+38 -3.4e+38 -3.4e+38 -3.4e+38 -3.4e+38 55 55 55 55 55 55 55.3333320617676 55.3333320617676 55.3333320617676 55.3333320617676 55.3333320617676 55.3333320617676 55.3333320617676 55.3333320617676 55.3333320617676 55.3333320617676 55.6666679382324 55.6666679382324 56.3333320617676 56.3333320617676 56.6666679382324 57.3333320617676 57.3333320617676 57.6666679382324 59 60.6666679382324 59.3333320617676 63.6666679382324 79 78 101.666664123535 122.333335876465 91.6666641235352 88.6666641235352 73.6666641235352 63.3333320617676 65.3333358764648 70.3333358764648 74.3333358764648 82 93 97.6666641235352 107.666664123535
-3.4e+38 -3.4e+38 -3.4e+38 -3.4e+38 -3.4e+38 -3.4e+38 -3.4e+38 -3.4e+38 -3.4e+38 -3.4e+38 -3.4e+38 -3.4e+38 -3.4e+38 55 55 55 55.3333320617676 55.3333320617676 55.3333320617676 55.3333320617676 55.3333320617676 55.3333320617676 55.3333320617676 55.3333320617676 55.3333320617676 55.3333320617676 55.3333320617676 55.3333320617676 55.6666679382324 56.3333320617676 56.3333320617676 56.3333320617676 56.6666679382324 57 57 57.6666679382324 60 63.6666679382324 69 70.3333358764648 73 67.3333358764648 94 111 93.6666641235352 91.3333358764648 76.3333358764648 68.6666641235352 77 69.3333358764648 75.6666641235352 80.6666641235352 88.3333358764648 90 94.3333358764648
-3.4e+38 -3.4e+38 -3.4e+38 -3.4e+38 -3.4e+38 -3.4e+38 -3.4e+38 -3.4e+38 -3.4e+38 -3.4e+38 -3.4e+38 -3.4e+38 -3.4e+38 55 55 55 55.3333320617676 55.3333320617676 55.3333320617676 55.3333320617676 55.3333320617676 55.3333320617676 55.3333320617676 55.3333320617676 55.3333320617676 55.3333320617676 55.3333320617676 55.6666679382324 55.6666679382324 56 55.6666679382324 56.6666679382324 56.6666679382324 57 57 58 61.3333320617676 59 61.3333320617676 61.3333320617676 61 63.3333320617676 78.6666641235352 89.6666641235352 101.666664123535 94 76 71.6666641235352 89.6666641235352 93.3333358764648 76.3333358764648 82.6666641235352 87 89.3333358764648 101.333335876465
-3.4e+38 -3.4e+38 -3.4e+38 -3.4e+38 -3.4e+38 -3.4e+38 -3.4e+38 -3.4e+38 -3.4e+38 -3.4e+38 -3.4e+38 -3.4e+38 -3.4e+38 -3.4e+38 55 55.3333320617676 55.3333320617676 55.3333320617676 55.3333320617676 55.3333320617676 55.3333320617676 55.3333320617676 55.3333320617676 55.3333320617676 55.3333320617676 55.3333320617676 55.3333320617676 55.6666679382324 55.6666679382324 56 56 56.6666679382324 56.6666679382324 57 57 59 60 59.6666679382324 61 62.6666679382324 66 69.3333358764648 68.6666641235352 68.6666641235352 73.3333358764648 72.6666641235352 81.3333358764648 82.6666641235352 95.3333358764648 98.6666641235352 84.3333358764648 78 82 90.3333358764648 91.6666641235352
-3.4e+38 -3.4e+38 -3.4e+38 -3.4e+38 -3.4e+38 -3.4e+38 -3.4e+38 -3.4e+38 -3.4e+38 -3.4e+38 -3.4e+38 -3.4e+38 -3.4e+38 -3.4e+38 55.3333320617676 55.3333320617676 55.3333320617676 55.3333320617676 55.3333320617676 55.3333320617676 55.3333320617676 55.3333320617676 55.3333320617676 55.3333320617676 55.3333320617676 55.3333320617676 55.6666679382324 55.6666679382324 55.6666679382324 55.6666679382324 56.6666679382324 56.6666679382324 57 57 57.6666679382324 59 62 59.3333320617676 59.6666679382324 64 63.6666679382324 72.3333358764648 68.6666641235352 67.3333358764648 72.6666641235352 74 72.3333358764648 73.3333358764648 80.6666641235352 92 78.6666641235352 80.6666641235352 82.6666641235352 87.6666641235352 93.3333358764648
-3.4e+38 -3.4e+38 -3.4e+38 -3.4e+38 -3.4e+38 -3.4e+38 -3.4e+38 -3.4e+38 -3.4e+38 -3.4e+38 -3.4e+38 -3.4e+38 -3.4e+38 -3.4e+38 55.3333320617676 55.3333320617676 55.3333320617676 55.3333320617676 55.3333320617676 55.3333320617676 55.3333320617676 55.3333320617676 55.3333320617676 55.3333320617676 55.3333320617676 55.3333320617676 55.6666679382324 55.6666679382324 55.6666679382324 56 56.3333320617676 56.6666679382324 57 58 59.3333320617676 59.3333320617676 59.6666679382324 59.6666679382324 58 59 59.3333320617676 64.6666641235352 62.3333320617676 60.6666679382324 60.6666679382324 66 73 77.6666641235352 87.3333358764648 84.3333358764648 79.3333358764648 90.6666641235352 87 86 88.6666641235352
-3.4e+38 -3.4e+38 -3.4e+38 -3.4e+38 -3.4e+38 -3.4e+38 -3.4e+38 -3.4e+38 -3.4e+38 -3.4e+38 -3.4e+38 -3.4e+38 -3.4e+38 -3.4e+38 -3.4e+38 55.3333320617676 55.3333320617676 55.3333320617676 55.3333320617676 55.3333320617676 55.3333320617676 55.3333320617676 55.3333320617676 55.3333320617676 55.3333320617676 55.3333320617676 55.6666679382324 55.6666679382324 55.6666679382324 56 56.6666679382324 57 58 58.6666679382324 57.6666679382324 57.6666679382324 57.6666679382324 57.6666679382324 58 58.3333320617676 58.6666679382324 59 59.3333320617676 61.6666679382324 64.3333358764648 67 75 78.6666641235352 81.6666641235352 80 81.3333358764648 102.333335876465 111.333335876465 94 96
-3.4e+38 -3.4e+38 -3.4e+38 -3.4e+38 -3.4e+38 -3.4e+38 -3.4e+38 -3.4e+38 -3.4e+38 -3.4e+38 -3.4e+38 -3.4e+38 -3.4e+38 -3.4e+38 55.3333320617676 55.3333320617676 55.3333320617676 55.3333320617676 55.3333320617676 55.3333320617676 55.3333320617676 55.3333320617676 55.3333320617676 55.3333320617676 55.3333320617676 55.3333320617676 55.6666679382324 55.6666679382324 55.6666679382324 56 56.6666679382324 57 57 57 57 57.6666679382324 58.3333320617676 59 59 58.3333320617676 58.6666679382324 58.6666679382324 59.3333320617676 63.3333320617676 68 72 75.6666641235352 80 88.6666641235352 101.666664123535 85.3333358764648 100.666664123535 151.66667175293 148.33332824707 129.33332824707
-3.4e+38 -3.4e+38 -3.4e+38 -3.4e+38 -3.4e+38 -3.4e+38 -3.4e+38 -3.4e+38 -3.4e+38 -3.4e+38 -3.4e+38 -3.4e+38 55.3333320617676 55.3333320617676 55.3333320617676 55.3333320617676 55 55 55.3333320617676 55.3333320617676 55.3333320617676 55.3333320617676 55.3333320617676 55.3333320617676 55.3333320617676 55.3333320617676 55.6666679382324 55.6666679382324 56 56.3333320617676 56.6666679382324 57 57 57 57.6666679382324 58 58.3333320617676 59 58.3333320617676 58 58.6666679382324 59 61 63 63.3333320617676 66.6666641235352 69 81.3333358764648 84.3333358764648 94.3333358764648 87 90 122.333335876465 165.66667175293 150
-3.4e+38 -3.4e+38 -3.4e+38 -3.4e+38 -3.4e+38 -3.4e+38 -3.4e+38 -3.4e+38 -3.4e+38 -3.4e+38 55.3333320617676 55.3333320617676 55.3333320617676 55.3333320617676 55.3333320617676 55 55.6666679382324 55.3333320617676 55.3333320617676 55.3333320617676 55.3333320617676 55.3333320617676 55.3333320617676 55.3333320617676 55.3333320617676 55.3333320617676 56.3333320617676 56.3333320617676 56.3333320617676 56.3333320617676 56.6666679382324 56.6666679382324 57.3333320617676 57.6666679382324 57.6666679382324 57.6666679382324 57.6666679382324 58.3333320617676 58 58.6666679382324 60 59.6666679382324 59.3333320617676 59.6666679382324 61 61.3333320617676 65.3333358764648 70.3333358764648 75 77.3333358764648 84.3333358764648 132.33332824707 158 193.66667175293 177.66667175293
-3.4e+38 -3.4e+38 -3.4e+38 -3.4e+38 -3.4e+38 -3.4e+38 -3.4e+38 -3.4e+38 -3.4e+38 -3.4e+38 55.3333320617676 55.3333320617676 55.3333320617676 55 55 55 55.3333320617676 55 55.3333320617676 55.3333320617676 55.3333320617676 55.3333320617676 55.3333320617676 55.3333320617676 55.3333320617676 55.6666679382324 56.3333320617676 56.3333320617676 56.3333320617676 56.3333320617676 56.6666679382324 56.6666679382324 58 57.6666679382324 57.6666679382324 57.6666679382324 58.3333320617676 58.3333320617676 59.3333320617676 59 59 59 59.3333320617676 59.6666679382324 60.6666679382324 61.6666679382324 64.3333358764648 65 71.6666641235352 81 106 128 174.33332824707 191.33332824707 185.66667175293
-3.4e+38 -3.4e+38 -3.4e+38 -3.4e+38 -3.4e+38 -3.4e+38 -3.4e+38 -3.4e+38 -3.4e+38 55.6666679382324 55.3333320617676 55.3333320617676 55.3333320617676 55 55 55.3333320617676 55.3333320617676 56 55.3333320617676 55.3333320617676 55.3333320617676 55.3333320617676 55.3333320617676 55.3333320617676 55.6666679382324 55.6666679382324 56.3333320617676 56.3333320617676 56.3333320617676 56 56.6666679382324 56.6666679382324 57 57.3333320617676 57.6666679382324 58 59 59.6666679382324 59.3333320617676 58.3333320617676 59 59 59.3333320617676 59.6666679382324 60.6666679382324 61.6666679382324 64 65 76.3333358764648 97.6666641235352 122.666664123535 143.66667175293 171 194.66667175293 169.66667175293
-3.4e+38 -3.4e+38 -3.4e+38 -3.4e+38 -3.4e+38 -3.4e+38 -3.4e+38 -3.4e+38 -3.4e+38 55 55.3333320617676 55.3333320617676 55.3333320617676 55 55.3333320617676 55.3333320617676 55.3333320617676 55.3333320617676 55.3333320617676 55.3333320617676 55.3333320617676 55.3333320617676 55.3333320617676 55.6666679382324 55.6666679382324 55.6666679382324 56.3333320617676 56.3333320617676 56.3333320617676 56.3333320617676 56.6666679382324 57.3333320617676 57.3333320617676 58 58 58.3333320617676 58 58.6666679382324 58.3333320617676 59 59.3333320617676 59.3333320617676 59.6666679382324 60 61 61.6666679382324 62.6666679382324 66.3333358764648 74.6666641235352 89.6666641235352 91.6666641235352 118 168.66667175293 196 181.66667175293
-3.4e+38 -3.4e+38 -3.4e+38 -3.4e+38 -3.4e+38 -3.4e+38 -3.4e+38 -3.4e+38 -3.4e+38 -3.4e+38 55.3333320617676 55.3333320617676 55 55.3333320617676 55.3333320617676 56.3333320617676 55.3333320617676 55.3333320617676 55.3333320617676 55.3333320617676 55.3333320617676 55.6666679382324 56.3333320617676 56.3333320617676 55.3333320617676 55.6666679382324 56 56.3333320617676 56 56.6666679382324 57.3333320617676 57.3333320617676 57.6666679382324 58 57.3333320617676 58 58 58 59 59 59 59 59.3333320617676 60 60.6666679382324 61.3333320617676 62.3333320617676 64.6666641235352 69 73.6666641235352 87.6666641235352 139.66667175293 171 228.66667175293 193.33332824707
-3.4e+38 -3.4e+38 -3.4e+38 -3.4e+38 -3.4e+38 -3.4e+38 -3.4e+38 -3.4e+38 -3.4e+38 -3.4e+38 55 55.3333320617676 55.3333320617676 55.3333320617676 55.3333320617676 55.3333320617676 55.3333320617676 55.3333320617676 55.6666679382324 55.3333320617676 55.3333320617676 55.6666679382324 55.6666679382324 55.6666679382324 56.3333320617676 55.6666679382324 56.3333320617676 56 56 56 56.6666679382324 57 57.3333320617676 57.3333320617676 57.6666679382324 58 58 58.6666679382324 59 59 59 59.3333320617676 59.6666679382324 60 60.6666679382324 62.3333320617676 64 66 69.6666641235352 104.333335876465 122 151.33332824707 181 251.33332824707 177.33332824707
-3.4e+38 -3.4e+38 -3.4e+38 -3.4e+38 -3.4e+38 -3.4e+38 -3.4e+38 -3.4e+38 -3.4e+38 -3.4e+38 55.3333320617676 55 55.3333320617676 55.3333320617676 55.3333320617676 55.3333320617676 55.3333320617676 55.3333320617676 55.3333320617676 55.3333320617676 55.3333320617676 56 55.3333320617676 56 56.3333320617676 55.6666679382324 56.3333320617676 56.3333320617676 56.3333320617676 56.6666679382324 56.6666679382324 57 57.3333320617676 57.6666679382324 58 58 58 58 58.3333320617676 60.3333320617676 59.3333320617676 59.3333320617676 59.3333320617676 60.3333320617676 61 61.6666679382324 63 68.3333358764648 71.3333358764648 131.66667175293 140 171.66667175293 196 184.66667175293 161
