mean_LGM.asc
NCOLS 429 
NROWS 360 
XLLCORNER -9.666666667 
YLLCORNER 36.083333333 
CELLSIZE 0.0416666666666667 
NODATA_value -3.4e+38 
[rows 312 to 335 of 360, columns 0 to 54 of 429]
-3.4e+38 -3.4e+38 -3.4e+38 -3.4e+38 -3.4e+38 -3.4e+38 -3.4e+38 -3.4e+38 -3.4e+38 -3.4e+38 -3.4e+38 -3.4e+38 -3.4e+38 -3.4e+38 -3.4e+38 -3.4e+38 241.33332824707 238 251.66667175293 244.66667175293 248 249.33332824707 237.66667175293 237.66667175293 237.66667175293 238 237.66667175293 241.66667175293 244.33332824707 251 253.33332824707 269.666656494141 270.333343505859 254.66667175293 256 271.666656494141 271 270 264 264 268.666656494141 266.666656494141 266.333343505859 263 262 262 262.333343505859 263 267.666656494141 268.666656494141 265 263 264.333343505859 264 262.666656494141
-3.4e+38 -3.4e+38 -3.4e+38 -3.4e+38 -3.4e+38 -3.4e+38 -3.4e+38 -3.4e+38 -3.4e+38 -3.4e+38 -3.4e+38 -3.4e+38 -3.4e+38 -3.4e+38 -3.4e+38 -3.4e+38 240 242.66667175293 248.33332824707 241.33332824707 248.33332824707 248.33332824707 244 238 243 241.66667175293 248 249 251 254 255 254.66667175293 270.333343505859 254.66667175293 254.33332824707 254.33332824707 271.333343505859 270 269.333343505859 264.333343505859 269 269 266.666656494141 267 266 265.666656494141 268.333343505859 267.666656494141 267.333343505859 268.666656494141 266.666656494141 262.333343505859 260.333343505859 260.333343505859 261.333343505859
-3.4e+38 -3.4e+38 -3.4e+38 -3.4e+38 -3.4e+38 -3.4e+38 -3.4e+38 -3.4e+38 -3.4e+38 -3.4e+38 -3.4e+38 -3.4e+38 -3.4e+38 -3.4e+38 -3.4e+38 -3.4e+38 241.66667175293 242 247.66667175293 241.33332824707 248 242 244.33332824707 237.33332824707 246 246 251 251.33332824707 252.66667175293 254.33332824707 254 271 271.333343505859 255 271 271.333343505859 270 268.333343505859 270 271 270 271 269.666656494141 270.666656494141 270 266.333343505859 267.666656494141 268 261.666656494141 268.333343505859 268.333343505859 249.33332824707 247.66667175293 247.66667175293 253.66667175293
-3.4e+38 -3.4e+38 -3.4e+38 -3.4e+38 -3.4e+38 -3.4e+38 -3.4e+38 -3.4e+38 -3.4e+38 -3.4e+38 -3.4e+38 -3.4e+38 -3.4e+38 -3.4e+38 -3.4e+38 258.666656494141 240.66667175293 242.66667175293 250.66667175293 248.33332824707 249 244.33332824707 246.33332824707 245.33332824707 246.33332824707 251.33332824707 252.33332824707 254.66667175293 254.33332824707 255.33332824707 255.33332824707 255.33332824707 271 271.666656494141 271.333343505859 272 271.333343505859 271 271.666656494141 271.333343505859 272 265.666656494141 271.333343505859 272 270.666656494141 270.666656494141 267.333343505859 263 268 268.333343505859 266 247.33332824707 266 262.333343505859 245.66667175293
-3.4e+38 -3.4e+38 -3.4e+38 -3.4e+38 -3.4e+38 -3.4e+38 -3.4e+38 -3.4e+38 -3.4e+38 -3.4e+38 -3.4e+38 -3.4e+38 -3.4e+38 -3.4e+38 -3.4e+38 243 243 240.33332824707 261.666656494141 253 252.66667175293 245 251 245.33332824707 250 251.66667175293 252.33332824707 253.66667175293 253.33332824707 253.33332824707 270.666656494141 253.33332824707 254 270.333343505859 271.666656494141 271.333343505859 270.666656494141 270 271.333343505859 270.333343505859 271 265.666656494141 270.333343505859 272 266.333343505859 271.333343505859 271 268 261.333343505859 267.333343505859 250 266.333343505859 247.66667175293 247 261
-3.4e+38 -3.4e+38 -3.4e+38 -3.4e+38 -3.4e+38 -3.4e+38 -3.4e+38 -3.4e+38 -3.4e+38 -3.4e+38 -3.4e+38 -3.4e+38 -3.4e+38 -3.4e+38 -3.4e+38 -3.4e+38 245.66667175293 239.33332824707 258.666656494141 244.66667175293 247.66667175293 253.33332824707 247 251.33332824707 245 252.66667175293 253.33332824707 253.33332824707 254.33332824707 270.666656494141 268.666656494141 254 255.33332824707 271.666656494141 268.666656494141 251.33332824707 268.333343505859 268.333343505859 269 270.333343505859 271.333343505859 270.666656494141 270.666656494141 270.666656494141 273.333343505859 267.666656494141 266.666656494141 267.666656494141 260.666656494141 264.333343505859 248.66667175293 265.666656494141 245.33332824707 247 246.66667175293
-3.4e+38 -3.4e+38 -3.4e+38 -3.4e+38 -3.4e+38 -3.4e+38 -3.4e+38 -3.4e+38 -3.4e+38 -3.4e+38 -3.4e+38 -3.4e+38 -3.4e+38 -3.4e+38 -3.4e+38 -3.4e+38 264.333343505859 238.33332824707 250 234.66667175293 237.33332824707 252.33332824707 239.66667175293 250 251.33332824707 253 254 253.66667175293 254.33332824707 255 254.66667175293 254.66667175293 271.666656494141 251.33332824707 266.333343505859 264.333343505859 268.333343505859 270.666656494141 270.666656494141 270.333343505859 271.666656494141 272.333343505859 268.666656494141 269 272.333343505859 267.333343505859 272.333343505859 250.66667175293 244.33332824707 251 248.33332824707 266.333343505859 246 267 246.66667175293
-3.4e+38 -3.4e+38 -3.4e+38 -3.4e+38 -3.4e+38 -3.4e+38 -3.4e+38 -3.4e+38 -3.4e+38 -3.4e+38 -3.4e+38 -3.4e+38 -3.4e+38 -3.4e+38 -3.4e+38 -3.4e+38 249.66667175293 244 250 233.66667175293 253.33332824707 252.66667175293 253.66667175293 246 251.66667175293 252.66667175293 253 253.33332824707 254.33332824707 255 270.333343505859 254.66667175293 269.666656494141 271.333343505859 270 269 268.666656494141 269 270.666656494141 272 271.333343505859 272 271.333343505859 271 267.333343505859 267.666656494141 268.333343505859 267 246.66667175293 267 266.666656494141 267 246 264.333343505859 264
-3.4e+38 -3.4e+38 -3.4e+38 -3.4e+38 -3.4e+38 -3.4e+38 -3.4e+38 -3.4e+38 -3.4e+38 -3.4e+38 -3.4e+38 -3.4e+38 -3.4e+38 -3.4e+38 -3.4e+38 -3.4e+38 251.66667175293 250.33332824707 257.666656494141 235.33332824707 253 264.333343505859 253.33332824707 246.33332824707 252.33332824707 253 251.33332824707 251.33332824707 253.33332824707 251.66667175293 252.66667175293 254.66667175293 269.333343505859 253.66667175293 271 269 267 268 268 271 271.333343505859 270.666656494141 271 267.333343505859 266.666656494141 266.666656494141 267 268.333343505859 244.66667175293 247 247.33332824707 248.33332824707 247 243 243
-3.4e+38 -3.4e+38 -3.4e+38 -3.4e+38 -3.4e+38 -3.4e+38 -3.4e+38 -3.4e+38 -3.4e+38 -3.4e+38 -3.4e+38 -3.4e+38 -3.4e+38 -3.4e+38 -3.4e+38 -3.4e+38 254.66667175293 251 249 245.33332824707 234.66667175293 255.66667175293 241.66667175293 253.33332824707 253.66667175293 254.33332824707 254.66667175293 253.33332824707 250 252 254.66667175293 255 270.333343505859 270 254.66667175293 268.333343505859 262.333343505859 268.333343505859 264 271 270.666656494141 270 271.333343505859 272 268.333343505859 268.666656494141 268 249.66667175293 260 265.666656494141 248.33332824707 246.66667175293 264.666656494141 241 246.33332824707
-3.4e+38 -3.4e+38 -3.4e+38 -3.4e+38 -3.4e+38 -3.4e+38 -3.4e+38 -3.4e+38 -3.4e+38 -3.4e+38 -3.4e+38 -3.4e+38 -3.4e+38 -3.4e+38 -3.4e+38 -3.4e+38 259.666656494141 258.333343505859 258 257.333343505859 262 261.333343505859 245.66667175293 245.66667175293 268.666656494141 252.66667175293 254.33332824707 251 249.66667175293 250 250.33332824707 251 251.33332824707 272.333343505859 270 268.666656494141 268.666656494141 264.333343505859 270.333343505859 269.666656494141 265 271.666656494141 271.333343505859 266.666656494141 268.333343505859 268 260.333343505859 244 243 249 246.33332824707 242.66667175293 240.33332824707 240.33332824707 239.66667175293
-3.4e+38 -3.4e+38 -3.4e+38 -3.4e+38 -3.4e+38 -3.4e+38 -3.4e+38 -3.4e+38 -3.4e+38 -3.4e+38 -3.4e+38 -3.4e+38 -3.4e+38 -3.4e+38 -3.4e+38 -3.4e+38 250 258.333343505859 257.666656494141 258.666656494141 261.666656494141 262 260.333343505859 243.33332824707 244 245.33332824707 253.66667175293 254.66667175293 254.66667175293 251.33332824707 249.33332824707 251.33332824707 255.33332824707 254.66667175293 268.333343505859 268 269 268.666656494141 268.333343505859 265.333343505859 269 271 267.333343505859 267.666656494141 268.333343505859 267.333343505859 248.66667175293 244.33332824707 244 243.33332824707 246.66667175293 239.66667175293 238.66667175293 238.33332824707 239.66667175293
-3.4e+38 -3.4e+38 -3.4e+38 -3.4e+38 -3.4e+38 -3.4e+38 -3.4e+38 -3.4e+38 -3.4e+38 -3.4e+38 -3.4e+38 -3.4e+38 -3.4e+38 -3.4e+38 -3.4e+38 -3.4e+38 265 251.33332824707 251 258.333343505859 260.666656494141 260.333343505859 245.66667175293 252.66667175293 244 222.33332824707 250.33332824707 254.33332824707 247 254.33332824707 250.33332824707 255.66667175293 270 255.33332824707 271.333343505859 269 264.666656494141 252.33332824707 268.333343505859 265 251.66667175293 247.33332824707 248.33332824707 248.66667175293 267.666656494141 267.666656494141 268 268 249.66667175293 244 239.33332824707 237.66667175293 247 232 243
-3.4e+38 -3.4e+38 -3.4e+38 -3.4e+38 -3.4e+38 -3.4e+38 -3.4e+38 -3.4e+38 -3.4e+38 -3.4e+38 -3.4e+38 -3.4e+38 -3.4e+38 -3.4e+38 -3.4e+38 272.666656494141 256.333343505859 252.66667175293 252.66667175293 251.33332824707 250 250.66667175293 253 253.33332824707 244.33332824707 246 222.33332824707 239 241.66667175293 247 247 255.66667175293 254.33332824707 254.66667175293 253 269.333343505859 268.333343505859 263.333343505859 268 253.66667175293 264.333343505859 264.666656494141 266.333343505859 267.333343505859 266 247.33332824707 267.666656494141 268.333343505859 248.33332824707 250.33332824707 240.33332824707 238.33332824707 239 243.66667175293 245.33332824707
-3.4e+38 -3.4e+38 -3.4e+38 -3.4e+38 -3.4e+38 -3.4e+38 -3.4e+38 -3.4e+38 -3.4e+38 -3.4e+38 -3.4e+38 -3.4e+38 -3.4e+38 -3.4e+38 -3.4e+38 -3.4e+38 273.666656494141 264 255 252.66667175293 253 233.33332824707 253.66667175293 254 253.66667175293 246.33332824707 239.33332824707 239.66667175293 228.66667175293 246.66667175293 235.66667175293 237.33332824707 247 251.66667175293 251 251 268 250 264.333343505859 268.666656494141 264.333343505859 263.666656494141 264.666656494141 266 267.333343505859 247.66667175293 248 247.66667175293 248.33332824707 248.33332824707 246.33332824707 243.66667175293 244.66667175293 220 236
-3.4e+38 -3.4e+38 -3.4e+38 -3.4e+38 -3.4e+38 -3.4e+38 -3.4e+38 -3.4e+38 -3.4e+38 -3.4e+38 -3.4e+38 -3.4e+38 -3.4e+38 -3.4e+38 -3.4e+38 -3.4e+38 281.333343505859 269.666656494141 262.333343505859 255.66667175293 251 236 234.66667175293 254.33332824707 251 252 254 234.33332824707 231 242.66667175293 236.66667175293 252.66667175293 267.666656494141 252 266.333343505859 251 250.33332824707 264 265.333343505859 267.666656494141 267.666656494141 264 265.666656494141 266.333343505859 267.333343505859 266.666656494141 267.333343505859 247 247 247.66667175293 247.33332824707 246.33332824707 240 224.33332824707 222.33332824707
-3.4e+38 -3.4e+38 -3.4e+38 -3.4e+38 -3.4e+38 -3.4e+38 -3.4e+38 -3.4e+38 -3.4e+38 -3.4e+38 -3.4e+38 -3.4e+38 -3.4e+38 -3.4e+38 -3.4e+38 -3.4e+38 268.666656494141 267 261 255.33332824707 254 234.33332824707 251.66667175293 231.66667175293 253.33332824707 251.66667175293 250.33332824707 251 254.33332824707 246.66667175293 247 237 235.33332824707 254.33332824707 267 266.666656494141 256.666656494141 248.66667175293 242.66667175293 261.666656494141 269.666656494141 250 268 250.66667175293 245.33332824707 248 247.66667175293 248.33332824707 249 245 241.66667175293 224.33332824707 240.33332824707 231.33332824707 241
-3.4e+38 -3.4e+38 -3.4e+38 -3.4e+38 -3.4e+38 -3.4e+38 -3.4e+38 -3.4e+38 -3.4e+38 -3.4e+38 -3.4e+38 -3.4e+38 -3.4e+38 -3.4e+38 -3.4e+38 -3.4e+38 268 268 262.666656494141 253 254.66667175293 257.666656494141 253.33332824707 269.666656494141 253.66667175293 250.66667175293 263.666656494141 248.33332824707 236.66667175293 247 233 231.66667175293 236.33332824707 235.66667175293 267.333343505859 240.33332824707 266 256 260 258.666656494141 259.666656494141 256.333343505859 262.333343505859 264.333343505859 263.666656494141 244.33332824707 266.666656494141 267.666656494141 247 244 246.66667175293 241.33332824707 244 219 241.66667175293
-3.4e+38 -3.4e+38 -3.4e+38 -3.4e+38 -3.4e+38 -3.4e+38 -3.4e+38 -3.4e+38 -3.4e+38 -3.4e+38 -3.4e+38 -3.4e+38 -3.4e+38 -3.4e+38 -3.4e+38 -3.4e+38 267.666656494141 266.333343505859 269.666656494141 251.66667175293 258.333343505859 256.666656494141 269.666656494141 252.33332824707 263.333343505859 241.33332824707 248.66667175293 248.33332824707 237.66667175293 234.33332824707 235.66667175293 248.33332824707 250.66667175293 237.66667175293 262 234.66667175293 268.333343505859 261.666656494141 260 256 256 245.33332824707 256.666656494141 253.66667175293 254.66667175293 244 248.33332824707 248.33332824707 248.33332824707 249.33332824707 242 243 244.33332824707 239.66667175293 244
-3.4e+38 -3.4e+38 -3.4e+38 -3.4e+38 -3.4e+38 -3.4e+38 -3.4e+38 -3.4e+38 -3.4e+38 -3.4e+38 -3.4e+38 -3.4e+38 -3.4e+38 -3.4e+38 -3.4e+38 -3.4e+38 -3.4e+38 271.333343505859 276.666656494141 252.66667175293 257.333343505859 244.33332824707 270.666656494141 231.33332824707 270 237.33332824707 232 228.66667175293 230.33332824707 237.66667175293 233.33332824707 231 248.33332824707 232.66667175293 253.66667175293 270 257 267.333343505859 248 268.333343505859 256.333343505859 255.66667175293 246 245.33332824707 242.33332824707 245 262.333343505859 241.66667175293 245.66667175293 247.33332824707 247.66667175293 248.66667175293 246.66667175293 241 239.33332824707
-3.4e+38 -3.4e+38 -3.4e+38 -3.4e+38 -3.4e+38 -3.4e+38 -3.4e+38 -3.4e+38 -3.4e+38 -3.4e+38 -3.4e+38 -3.4e+38 -3.4e+38 -3.4e+38 -3.4e+38 -3.4e+38 -3.4e+38 285 261.666656494141 261.333343505859 251.33332824707 244.66667175293 232.66667175293 231.33332824707 236.66667175293 235.66667175293 238.33332824707 237 228.33332824707 229.66667175293 253 233 230 230 232.66667175293 248.33332824707 251 234 252.33332824707 252 268.333343505859 259.666656494141 253.66667175293 253.66667175293 241.33332824707 241 242 247 245 247.66667175293 250.66667175293 247 254.33332824707 245 227.66667175293
-3.4e+38 -3.4e+38 -3.4e+38 -3.4e+38 -3.4e+38 -3.4e+38 -3.4e+38 -3.4e+38 -3.4e+38 -3.4e+38 -3.4e+38 -3.4e+38 -3.4e+38 -3.4e+38 -3.4e+38 -3.4e+38 -3.4e+38 277.333343505859 254.33332824707 261.333343505859 257 258 258 238 237.66667175293 230.33332824707 234.66667175293 235 234.66667175293 237 243.66667175293 243.33332824707 243.66667175293 253.66667175293 230.66667175293 247 234 254 254 252.33332824707 262.333343505859 246.66667175293 247.66667175293 243 245.33332824707 247.33332824707 249.66667175293 247 246.33332824707 249.33332824707 248.33332824707 252.66667175293 253 244.33332824707 237
-3.4e+38 -3.4e+38 -3.4e+38 -3.4e+38 -3.4e+38 -3.4e+38 -3.4e+38 -3.4e+38 -3.4e+38 -3.4e+38 -3.4e+38 -3.4e+38 -3.4e+38 -3.4e+38 -3.4e+38 -3.4e+38 -3.4e+38 287 266 256.666656494141 260.666656494141 252 235.33332824707 229.66667175293 239.66667175293 244.33332824707 234.66667175293 233 235 242.33332824707 242.66667175293 259 260.666656494141 260.333343505859 247.33332824707 247.33332824707 248.66667175293 252.33332824707 254.66667175293 252.33332824707 269.666656494141 244 251.33332824707 247 249.33332824707 254.66667175293 251.33332824707 255 254.33332824707 252.66667175293 253.66667175293 251.33332824707 237.33332824707 237 238.33332824707
-3.4e+38 -3.4e+38 -3.4e+38 -3.4e+38 -3.4e+38 -3.4e+38 -3.4e+38 -3.4e+38 -3.4e+38 -3.4e+38 -3.4e+38 -3.4e+38 -3.4e+38 -3.4e+38 -3.4e+38 -3.4e+38 -3.4e+38 267.666656494141 269.333343505859 257.333343505859 255 266.333343505859 250 245.33332824707 245.33332824707 240.33332824707 241.66667175293 243 234.33332824707 243.33332824707 259.666656494141 243 260.333343505859 260.666656494141 261 244.66667175293 259.666656494141 259.333343505859 254.33332824707 249 254 253.33332824707 253.66667175293 252 254.33332824707 259 268.333343505859 272 253 253 252.33332824707 252.33332824707 251 250 238.33332824707
