mean_LGM.asc
NCOLS 429 
NROWS 360 
XLLCORNER -9.666666667 
YLLCORNER 36.083333333 
CELLSIZE 0.0416666666666667 
NODATA_value -3.4e+38 
[rows 72 to 95 of 360, columns 275 to 329 of 429]
183 182 181.66667175293 179.33332824707 179.33332824707 168.33332824707 168.33332824707 160 159.33332824707 183.66667175293 182 164.66667175293 157.33332824707 158 162.33332824707 157.33332824707 157.33332824707 157.33332824707 163.66667175293 162.66667175293 155.33332824707 155.66667175293 154.33332824707 160 151.66667175293 157 155.66667175293 155.66667175293 154.66667175293 155 152.66667175293 152.33332824707 150 148 148 153.33332824707 154 150.66667175293 149.33332824707 146.66667175293 165.66667175293 146.66667175293 143.66667175293 166.66667175293 165 169 168.66667175293 168.33332824707 168 167.66667175293 168 168 168 165.33332824707 163.66667175293
183 183 179.33332824707 179.33332824707 169.33332824707 168 167 183 166 164.66667175293 164.66667175293 162.66667175293 156 173.33332824707 162.66667175293 156.33332824707 157.33332824707 157.33332824707 163 155.66667175293 155.66667175293 162 154.66667175293 151.66667175293 157 155.66667175293 155.66667175293 154 154 153.33332824707 152.66667175293 153.33332824707 147.66667175293 149 148 148.33332824707 156.66667175293 147.66667175293 149 170.33332824707 170.33332824707 169.33332824707 175 175.33332824707 175.33332824707 176 170.66667175293 175.33332824707 169.66667175293 169.66667175293 168.33332824707 168 166 164.33332824707 163
190 184 197 180 168.66667175293 187 187.66667175293 183.33332824707 183.66667175293 185 182.33332824707 182 173.33332824707 174 180.33332824707 163 180.33332824707 174.33332824707 162.33332824707 162.33332824707 155.66667175293 161 160 160 157.33332824707 155.66667175293 155.66667175293 148.66667175293 152.33332824707 152 152.66667175293 147.33332824707 147.33332824707 151.33332824707 151.33332824707 152.66667175293 157 158.33332824707 153.66667175293 178.33332824707 178 180 180 178.33332824707 178.33332824707 172 171.66667175293 171.33332824707 170.33332824707 169 166 165.33332824707 164.66667175293 205 202.33332824707
190 188.66667175293 203.33332824707 186.33332824707 173 190 187.66667175293 186.33332824707 185 185 182.33332824707 182.33332824707 180 180.33332824707 180.33332824707 180.33332824707 179.66667175293 173 173.33332824707 173 161 160 160 159 159 157 155.66667175293 149.33332824707 149 153.33332824707 152.33332824707 151.66667175293 152 151.66667175293 152.66667175293 150.66667175293 149.66667175293 155 157 179.66667175293 157 180 180 176.66667175293 149.33332824707 149 171.66667175293 170.33332824707 169.33332824707 169 168 165.33332824707 204.33332824707 203.66667175293 203.33332824707
193.33332824707 190.66667175293 207.66667175293 183.66667175293 200.66667175293 190.33332824707 187.66667175293 186 186 184.66667175293 182.33332824707 181 180.33332824707 180 162 161 161 161 160.66667175293 178.33332824707 177.66667175293 160 158.66667175293 158.66667175293 158 156.33332824707 152.33332824707 152 151.33332824707 150.33332824707 152 152 150.66667175293 146.33332824707 150.33332824707 146.33332824707 149.66667175293 155.66667175293 154 155 149.66667175293 156.66667175293 175.66667175293 170 171.66667175293 170.66667175293 170.66667175293 147.66667175293 206.33332824707 205 205 204 204.33332824707 202 202
207.66667175293 185.66667175293 200.66667175293 200.66667175293 198 197.66667175293 190.33332824707 186.33332824707 186 184.66667175293 184 184 181 163 179.66667175293 161.33332824707 160.33332824707 159 176.33332824707 159 175.33332824707 158 158 158.33332824707 157 156 153.33332824707 152 151 150.66667175293 146.66667175293 152 150.66667175293 145.66667175293 146 145 149 154 154 153 172.33332824707 150.33332824707 178 168.66667175293 167 148 146.33332824707 147.66667175293 206 204.33332824707 203 203 201.66667175293 203 198.66667175293
208.33332824707 206.66667175293 204.33332824707 204.66667175293 194 186 186.66667175293 188 186.33332824707 185 185 183 183 181.66667175293 180 178 177.66667175293 176.33332824707 159 159 159 158.33332824707 157 157 157 156.33332824707 154.33332824707 152.33332824707 152.33332824707 150.66667175293 150.33332824707 152 150.33332824707 146.33332824707 148 148 146.33332824707 147 147 147.33332824707 170 169.66667175293 149.66667175293 168 147 142.66667175293 144 147 146.66667175293 203.66667175293 204.33332824707 203 202 201 198
204 204.33332824707 204.33332824707 192.33332824707 186 186 185 185 182.66667175293 181.33332824707 181.33332824707 188.66667175293 181.66667175293 181 181 178.66667175293 177.66667175293 176.33332824707 176.33332824707 159.33332824707 159.33332824707 157.33332824707 157 157.66667175293 154.66667175293 154 153 152.33332824707 151.66667175293 150.66667175293 150.33332824707 148.66667175293 148.33332824707 145.33332824707 148.33332824707 147.33332824707 146 146.33332824707 150 147 153.33332824707 168 148.66667175293 169.66667175293 164.33332824707 142.66667175293 139 144.33332824707 145.33332824707 202 198.33332824707 199 203 199.33332824707 196.33332824707
206 204 196 203.33332824707 195.33332824707 192 192 192 189.66667175293 183.33332824707 188 181.33332824707 187 180.33332824707 179.66667175293 179.66667175293 178.66667175293 162 160.33332824707 175.33332824707 157.33332824707 154.33332824707 171 159.66667175293 159.66667175293 152 152 152.66667175293 149.66667175293 148.66667175293 148.66667175293 148.66667175293 148.33332824707 145.66667175293 145.66667175293 148 147.66667175293 142 145.66667175293 172 168 166 166 168.66667175293 146.66667175293 144.66667175293 142.33332824707 198.33332824707 200.66667175293 200.66667175293 198.33332824707 196.33332824707 196.33332824707 195.66667175293 198.66667175293
206.33332824707 204 196.33332824707 203.66667175293 203.66667175293 192.33332824707 192.33332824707 184 184 189.66667175293 187 187 186 179.66667175293 178.66667175293 160.66667175293 176.66667175293 184 160.33332824707 166 174.33332824707 154.33332824707 154 154.33332824707 153 152 151.33332824707 150.33332824707 148.33332824707 148.33332824707 148 148.33332824707 145.66667175293 143 144.33332824707 141 148.66667175293 146.33332824707 141.66667175293 141.66667175293 161.33332824707 141 163.66667175293 147 148.66667175293 146.33332824707 143.66667175293 141.33332824707 198 197.66667175293 196.66667175293 196 195 194.66667175293 197.33332824707
202.66667175293 203 195.66667175293 193 193 191.66667175293 190.66667175293 190.66667175293 187 187.33332824707 187.33332824707 184.66667175293 184.66667175293 185 184 183.33332824707 181.33332824707 180.66667175293 179.66667175293 179.66667175293 180.33332824707 174 161 177.66667175293 152.33332824707 151.66667175293 149.66667175293 148.33332824707 148 148.33332824707 148 144.33332824707 144.66667175293 144.33332824707 146 143.33332824707 145.66667175293 141.66667175293 138.66667175293 139.66667175293 139 139 141.33332824707 161 165.33332824707 146.33332824707 145 142.66667175293 195.66667175293 194.33332824707 195 195 195 197 195.33332824707
195.66667175293 195.33332824707 193 193 192 192 190.66667175293 190.66667175293 189.66667175293 188.33332824707 187 185 185.33332824707 183.66667175293 183 180.33332824707 180.33332824707 179.33332824707 178 174.66667175293 172.66667175293 174 159.66667175293 172.33332824707 152.33332824707 151.33332824707 148.33332824707 147.33332824707 147.33332824707 145 147.66667175293 144.66667175293 144 144.33332824707 142.66667175293 141 142 143.33332824707 139 138.66667175293 139.33332824707 159.33332824707 140.66667175293 162.33332824707 145 145 142 143 194 193.33332824707 197 194 194.33332824707 193.66667175293 197
202.66667175293 195.33332824707 193.33332824707 196 193 191.66667175293 190.33332824707 189.33332824707 188 187 186 184.66667175293 183.66667175293 183.66667175293 183 180 179.33332824707 176 174 173 172.66667175293 169 156.33332824707 157.33332824707 155.66667175293 154 153 153.33332824707 151 145.33332824707 143.66667175293 143.66667175293 143.66667175293 144 142 142.66667175293 143 143.33332824707 143.66667175293 143.33332824707 143.66667175293 144 144 140.33332824707 142.66667175293 141 140.66667175293 194.66667175293 195.33332824707 191.66667175293 191.66667175293 193.33332824707 193.33332824707 193 192
203.33332824707 203.33332824707 196 193.33332824707 193.66667175293 191.66667175293 189 188.33332824707 188.33332824707 187 185 183.66667175293 183 183 181 178.66667175293 177.66667175293 176.33332824707 174.66667175293 168 152 168 150.66667175293 153.66667175293 155.66667175293 155.33332824707 152.33332824707 152 150.66667175293 148 143 144 142.33332824707 142.33332824707 143.66667175293 142 142.33332824707 142.33332824707 142 142 139.66667175293 146.33332824707 140 140 140 140 139.66667175293 194.33332824707 194.33332824707 193 192 192 191.33332824707 190 192.66667175293
202.33332824707 203.33332824707 202.33332824707 198.33332824707 198 191.66667175293 191.33332824707 191.66667175293 187.33332824707 188 186 185.33332824707 183 180.66667175293 178 178 173.66667175293 169.33332824707 169.33332824707 156 167.33332824707 167.33332824707 151 150 151 154.33332824707 152 149 146.66667175293 143.66667175293 142.33332824707 141 141 140.66667175293 141.66667175293 140.66667175293 140.66667175293 141 140.66667175293 141.33332824707 142.33332824707 140.66667175293 141.66667175293 139.33332824707 194.66667175293 194.33332824707 193.66667175293 193 190.33332824707 189.33332824707 189 191 189.66667175293 190.66667175293 191.33332824707
202.33332824707 200 198.66667175293 198.66667175293 198.66667175293 191.66667175293 191.66667175293 188.66667175293 188 186.33332824707 186 183 182.66667175293 179.66667175293 178.66667175293 174 169.33332824707 165.66667175293 160.66667175293 165.33332824707 168 150.66667175293 147.33332824707 145.66667175293 146.66667175293 149 152 149.66667175293 144.66667175293 144.66667175293 143.66667175293 143.66667175293 142.66667175293 142.66667175293 142.33332824707 139.33332824707 139.66667175293 141 140.66667175293 140.66667175293 139 140.33332824707 141.33332824707 136.33332824707 193.66667175293 191 189.66667175293 190.33332824707 188 188.33332824707 189.66667175293 191.33332824707 188.66667175293 188.33332824707 190.33332824707
203 203 203 201 201 188.66667175293 189.33332824707 189.33332824707 187 185.66667175293 182.66667175293 182.33332824707 178.66667175293 176.66667175293 175 172.66667175293 167.33332824707 161.66667175293 161.66667175293 158.33332824707 167.33332824707 162.33332824707 161.33332824707 160 144.66667175293 146.66667175293 149 148 144 143.66667175293 143.66667175293 140.66667175293 142.33332824707 141.33332824707 141.66667175293 137.33332824707 137.66667175293 141.66667175293 138.66667175293 139.33332824707 138.66667175293 138.66667175293 136 134 191 191 186.66667175293 185 185.33332824707 188.33332824707 187.66667175293 190.33332824707 191.66667175293 193 192.33332824707
203 203 200.66667175293 199 198.66667175293 197.33332824707 196 196 185.66667175293 184.33332824707 184.33332824707 184 177.33332824707 172.66667175293 172.66667175293 174 171.66667175293 159 161 156.33332824707 160.33332824707 160.66667175293 157.33332824707 155 144.66667175293 144 144.33332824707 144 141.66667175293 139.33332824707 141.66667175293 142.66667175293 139.66667175293 139.66667175293 138.66667175293 137 137 137 137.33332824707 138 139 137.66667175293 190 132 131.33332824707 188.66667175293 186.33332824707 188 188 189 189.33332824707 189.33332824707 191.66667175293 193 193.66667175293
200.33332824707 202.66667175293 202.66667175293 200 198.33332824707 186.66667175293 187.33332824707 193 193 182.66667175293 184.33332824707 190 186.66667175293 174 172 172.33332824707 170 164.66667175293 158 154 155.33332824707 159.66667175293 143 142 143 140.33332824707 146.66667175293 138.33332824707 139 138.33332824707 138.33332824707 136.33332824707 140.33332824707 138 137 137.66667175293 137.66667175293 135.66667175293 134 132.33332824707 132.33332824707 134.33332824707 187.66667175293 131 128.33332824707 130.66667175293 183.66667175293 181.33332824707 187.33332824707 191 191 191 192.33332824707 193.33332824707 194.33332824707
200 202.66667175293 203 196.66667175293 194.33332824707 194 190.33332824707 190 182.33332824707 189 185.66667175293 177.66667175293 177.66667175293 173.33332824707 172.66667175293 167.66667175293 167.33332824707 169.33332824707 158.66667175293 154 155.33332824707 160.66667175293 143.33332824707 147 145 140.66667175293 146 144.66667175293 144.33332824707 144.66667175293 143.33332824707 136.33332824707 138 137 137.33332824707 136.66667175293 134 136 133.33332824707 132.33332824707 133.66667175293 130.33332824707 132.66667175293 131.33332824707 130.33332824707 183.33332824707 182 179.33332824707 184 190.66667175293 189.33332824707 189 192.66667175293 192 194
198 198 198 198 196.33332824707 196.33332824707 193.33332824707 192.33332824707 189.66667175293 180.66667175293 185.66667175293 177.33332824707 184 171.66667175293 172 180.33332824707 175 169.33332824707 174 163.66667175293 164 156.33332824707 141.33332824707 148.33332824707 144.33332824707 139.66667175293 143 143.33332824707 143.33332824707 141.33332824707 140 135.33332824707 134.66667175293 135 134.33332824707 134.66667175293 135.33332824707 133.33332824707 134 131.66667175293 130.66667175293 128.66667175293 125.333335876465 127.333335876465 125.666664123535 175.66667175293 173.66667175293 177.66667175293 180.33332824707 182 185.33332824707 189.33332824707 192 192 192
198.33332824707 194.66667175293 193 191 193.33332824707 196.66667175293 191.66667175293 191.66667175293 191.66667175293 183 190.66667175293 177.66667175293 181.33332824707 175 184.66667175293 181 180.33332824707 175 167.33332824707 144.33332824707 144 149 139.33332824707 144.33332824707 146 143.33332824707 141.66667175293 141 139.66667175293 138.33332824707 138.33332824707 134 133.33332824707 133.33332824707 132.66667175293 133.33332824707 133.33332824707 132 128 131 186 130 127.333335876465 181 178.66667175293 177.33332824707 176.33332824707 179 181.33332824707 181 187 190.33332824707 192 191.66667175293 193
197 194 192.66667175293 191 194 193 193 188 189.66667175293 189.66667175293 191.66667175293 190.66667175293 187.33332824707 187.33332824707 180 178.66667175293 176.33332824707 174.66667175293 181 171.66667175293 168.66667175293 163 143.33332824707 143.33332824707 142 140.66667175293 139.33332824707 139.33332824707 139.66667175293 138.66667175293 137.33332824707 137 133.33332824707 130.33332824707 131.33332824707 130.33332824707 132 130 131.33332824707 128 183 124.666664123535 123.666664123535 123 177 174.66667175293 174.33332824707 180 178.66667175293 178.66667175293 179.33332824707 185.66667175293 188.66667175293 191.33332824707 192.33332824707
196 193.66667175293 194 190.66667175293 190.66667175293 189 191 188 188 191.33332824707 191.66667175293 190.33332824707 184 187.33332824707 187.66667175293 186.33332824707 183.66667175293 183.66667175293 180 171.66667175293 166.66667175293 163.66667175293 143 142 141 139.66667175293 139.33332824707 139.33332824707 137.33332824707 135.66667175293 135 135 135.33332824707 130.33332824707 130.66667175293 132.33332824707 132.66667175293 132.66667175293 186 129.33332824707 129.66667175293 123.333335876465 124 122.666664123535 122 122.666664123535 123 171.66667175293 172.33332824707 179.33332824707 181.33332824707 180.66667175293 189 191.33332824707 195.33332824707
