mean_LGM.asc
NCOLS 429 
NROWS 360 
XLLCORNER -9.666666667 
YLLCORNER 36.083333333 
CELLSIZE 0.0416666666666667 
NODATA_value -3.4e+38 
[rows 192 to 215 of 360, columns 0 to 54 of 429]
-3.4e+38 -3.4e+38 -3.4e+38 -3.4e+38 -3.4e+38 -3.4e+38 -3.4e+38 -3.4e+38 128.33332824707 114.333335876465 109.666664123535 113.666664123535 110.333335876465 107 102 98.6666641235352 97.6666641235352 94.6666641235352 90 87.6666641235352 87.3333358764648 85.3333358764648 83 80.6666641235352 82 73.6666641235352 78.6666641235352 83.6666641235352 85.6666641235352 88.6666641235352 87.6666641235352 85.6666641235352 84.6666641235352 85.6666641235352 88.6666641235352 89.6666641235352 88 87 84.3333358764648 81.3333358764648 77 65.6666641235352 69 83 87.6666641235352 90.3333358764648 89.3333358764648 92 103.666664123535 103 104.666664123535 98.3333358764648 95.6666641235352 83 83.6666641235352
-3.4e+38 -3.4e+38 -3.4e+38 -3.4e+38 -3.4e+38 -3.4e+38 -3.4e+38 135.33332824707 132.66667175293 114.666664123535 118.333335876465 113.666664123535 110 104.666664123535 93 99 96.3333358764648 95.6666641235352 92.6666641235352 91.6666641235352 88 84.3333358764648 77.6666641235352 86.3333358764648 89.6666641235352 83.6666641235352 84 85.3333358764648 87.6666641235352 88.6666641235352 86.3333358764648 86.3333358764648 87.6666641235352 89.6666641235352 89.3333358764648 90 88.3333358764648 85.3333358764648 81.6666641235352 79.6666641235352 66 65.6666641235352 67 86.3333358764648 90 92 89.3333358764648 88.6666641235352 90 107.666664123535 108.666664123535 110 105 103 108
-3.4e+38 -3.4e+38 -3.4e+38 -3.4e+38 -3.4e+38 -3.4e+38 -3.4e+38 135.66667175293 132.33332824707 123.666664123535 118 113 105.333335876465 100.666664123535 98 101.666664123535 96.3333358764648 94 95 90.6666641235352 92.3333358764648 85.3333358764648 82 86.3333358764648 94 85.3333358764648 90.3333358764648 94 87.3333358764648 89.3333358764648 90.3333358764648 90.3333358764648 90 87.3333358764648 89 88 89.6666641235352 88 77.6666641235352 64.6666641235352 71 70 63 73.6666641235352 84.3333358764648 82.3333358764648 76.3333358764648 90.3333358764648 95.3333358764648 102.333335876465 112.333335876465 114.666664123535 119.666664123535 121.333335876465 116
-3.4e+38 -3.4e+38 -3.4e+38 -3.4e+38 -3.4e+38 -3.4e+38 139 140 132.33332824707 123.666664123535 122.333335876465 122 107.666664123535 99.6666641235352 92.6666641235352 101 93.6666641235352 88 93 91 93.6666641235352 96 92.3333358764648 95 93.6666641235352 84.3333358764648 88 89.3333358764648 89 85.3333358764648 80.6666641235352 89 86 88 87.6666641235352 90.3333358764648 93.3333358764648 89.6666641235352 90.3333358764648 90.3333358764648 92.3333358764648 75 79.6666641235352 81 86 90.3333358764648 82 82 76 87.6666641235352 103.666664123535 122.666664123535 125.666664123535 123 128.33332824707
-3.4e+38 -3.4e+38 -3.4e+38 -3.4e+38 -3.4e+38 -3.4e+38 -3.4e+38 138.66667175293 137.66667175293 129.66667175293 132 131.33332824707 114.666664123535 103 97 93.6666641235352 92.6666641235352 95 91 86.3333358764648 89 97 100.333335876465 96.6666641235352 101.666664123535 93.3333358764648 88.6666641235352 88 83.3333358764648 82 88.3333358764648 89.3333358764648 87 90.3333358764648 89 93 96.6666641235352 95.6666641235352 95 93.6666641235352 93 86.6666641235352 92.3333358764648 82.3333358764648 81.6666641235352 87 96 100.666664123535 104 102.666664123535 108.333335876465 123.333335876465 130.33332824707 132.66667175293 127
-3.4e+38 -3.4e+38 -3.4e+38 -3.4e+38 -3.4e+38 -3.4e+38 -3.4e+38 138.66667175293 142.33332824707 136 138.66667175293 131.66667175293 114.333335876465 124.666664123535 101 91.3333358764648 91.6666641235352 105.333335876465 110.333335876465 102.333335876465 90.6666641235352 94 95.3333358764648 102.333335876465 108 100.666664123535 92 93.6666641235352 87 88 92 97 92.3333358764648 94 92.6666641235352 94.6666641235352 100.333335876465 100.666664123535 99 100 98.3333358764648 93 91.3333358764648 87 79.3333358764648 77.6666641235352 80 102 113 123.666664123535 128 130 132 131.33332824707 130
-3.4e+38 -3.4e+38 -3.4e+38 -3.4e+38 -3.4e+38 -3.4e+38 -3.4e+38 -3.4e+38 151.33332824707 148.33332824707 146 141 134 112.333335876465 104 108 108.666664123535 109.333335876465 116.333335876465 107.666664123535 89.3333358764648 82 92 96.3333358764648 108 98.3333358764648 97.6666641235352 100.333335876465 94 88.3333358764648 93.3333358764648 100.666664123535 98 97.3333358764648 90 86.6666641235352 94.3333358764648 96.3333358764648 94.6666641235352 91 83 91 91 91 88.3333358764648 75.3333358764648 85.6666641235352 100.333335876465 121 128 122.333335876465 102.666664123535 91.3333358764648 123.666664123535 133
-3.4e+38 -3.4e+38 -3.4e+38 -3.4e+38 -3.4e+38 -3.4e+38 -3.4e+38 -3.4e+38 142.33332824707 142.33332824707 148.33332824707 138 129.66667175293 115.333335876465 122.333335876465 122 122 112 109 108 92.6666641235352 86.6666641235352 91.3333358764648 107 101.333335876465 91.6666641235352 100.666664123535 104.333335876465 99 99.6666641235352 99.6666641235352 97.6666641235352 99 97 91 87 82.6666641235352 94.3333358764648 87 81.6666641235352 75.3333358764648 74 85 90.3333358764648 88 74.3333358764648 83.6666641235352 93.3333358764648 124 113.666664123535 100.666664123535 106.333335876465 99 129.66667175293 134.33332824707
-3.4e+38 -3.4e+38 -3.4e+38 -3.4e+38 -3.4e+38 -3.4e+38 -3.4e+38 -3.4e+38 -3.4e+38 149 143 138.66667175293 135.66667175293 124 128.33332824707 110.666664123535 111 94 93.3333358764648 105.333335876465 92.6666641235352 87 99.6666641235352 105.333335876465 105.666664123535 99.3333358764648 96.6666641235352 100.333335876465 99.6666641235352 96.6666641235352 92 80.3333358764648 89.3333358764648 89.6666641235352 88 79 71.3333358764648 86.3333358764648 88 86 78.3333358764648 68.3333358764648 65.6666641235352 69.3333358764648 81.6666641235352 89.6666641235352 108.666664123535 119.666664123535 111.666664123535 80.3333358764648 95.3333358764648 104 102.666664123535 108.666664123535 114.666664123535
-3.4e+38 -3.4e+38 -3.4e+38 -3.4e+38 -3.4e+38 -3.4e+38 -3.4e+38 -3.4e+38 -3.4e+38 149 149.33332824707 145 137 134.66667175293 129.33332824707 111.666664123535 92 79.6666641235352 104 109.666664123535 105.666664123535 104.333335876465 107.666664123535 103.666664123535 101.666664123535 85.6666641235352 85 88.3333358764648 90.3333358764648 91.6666641235352 81 62.3333320617676 75.3333358764648 84.3333358764648 85 88 82 76.6666641235352 74.3333358764648 79 76 69.3333358764648 60.6666679382324 70.3333358764648 86.6666641235352 108.333335876465 123.333335876465 124 110.666664123535 89 88.6666641235352 102 125.666664123535 116.333335876465 113.666664123535
-3.4e+38 -3.4e+38 -3.4e+38 -3.4e+38 -3.4e+38 -3.4e+38 -3.4e+38 -3.4e+38 -3.4e+38 153.66667175293 150.33332824707 144.66667175293 144 135 132.33332824707 115.666664123535 94.6666641235352 98.6666641235352 114 113.666664123535 110.666664123535 107.666664123535 101.666664123535 91 100 92 94.3333358764648 75.3333358764648 78.6666641235352 84 70 65.3333358764648 63.6666679382324 57.6666679382324 79.3333358764648 85.6666641235352 85.3333358764648 76.3333358764648 70.3333358764648 69 74.6666641235352 66.6666641235352 50.3333320617676 68.3333358764648 95.6666641235352 109.333335876465 127.666664123535 122.333335876465 122.666664123535 118 101 123.666664123535 141.33332824707 141.33332824707 128.33332824707
-3.4e+38 -3.4e+38 -3.4e+38 -3.4e+38 -3.4e+38 -3.4e+38 -3.4e+38 -3.4e+38 -3.4e+38 -3.4e+38 148 145.66667175293 139 134 123.666664123535 120.333335876465 109 123.666664123535 122.666664123535 116 115.666664123535 110.333335876465 98.6666641235352 101.333335876465 102.666664123535 98.3333358764648 93 79.6666641235352 74.3333358764648 72.3333358764648 63.6666679382324 66 59.6666679382324 50.6666679382324 74.6666641235352 76.6666641235352 78 78.6666641235352 74.3333358764648 66 64.6666641235352 57.6666679382324 50 82.6666641235352 95.6666641235352 106 125.666664123535 116.333335876465 105.333335876465 119.333335876465 126.666664123535 133.66667175293 151.66667175293 151.66667175293 141.66667175293
-3.4e+38 -3.4e+38 -3.4e+38 -3.4e+38 -3.4e+38 -3.4e+38 -3.4e+38 -3.4e+38 -3.4e+38 -3.4e+38 147.66667175293 144.33332824707 139.66667175293 134.33332824707 130 124.666664123535 124.666664123535 127.333335876465 122 123.333335876465 116 105.333335876465 107 104.333335876465 103.333335876465 96.3333358764648 86 81.6666641235352 64.3333358764648 80.6666641235352 68 72.6666641235352 65.6666641235352 54.6666679382324 65 62.3333320617676 66 69.6666641235352 63 62.6666679382324 60.6666679382324 51.3333320617676 62 83.6666641235352 84 94.3333358764648 125.333335876465 128.33332824707 118 127 142.33332824707 144.66667175293 155.66667175293 152.66667175293 146
-3.4e+38 -3.4e+38 -3.4e+38 -3.4e+38 -3.4e+38 -3.4e+38 -3.4e+38 -3.4e+38 -3.4e+38 -3.4e+38 -3.4e+38 140.33332824707 139 138.66667175293 133 129.33332824707 127.333335876465 127 122 123.333335876465 115.333335876465 110.666664123535 104.666664123535 99.3333358764648 98.6666641235352 83 86.6666641235352 91.6666641235352 83.6666641235352 75 72 65.6666641235352 64 55 57.3333320617676 70.6666641235352 70.3333358764648 75.3333358764648 58.3333320617676 75 74.6666641235352 56.3333320617676 70.3333358764648 89 96.3333358764648 107 124.333335876465 120.666664123535 124.333335876465 143.33332824707 154.66667175293 159 159.33332824707 153 140.33332824707
-3.4e+38 -3.4e+38 -3.4e+38 -3.4e+38 -3.4e+38 -3.4e+38 -3.4e+38 -3.4e+38 -3.4e+38 -3.4e+38 -3.4e+38 148 144 140.33332824707 133.66667175293 129 128.66667175293 123 116.666664123535 116.333335876465 114 103.666664123535 91.3333358764648 87.3333358764648 99.6666641235352 94.6666641235352 97.6666641235352 81 73 65 51.3333320617676 52.6666679382324 61 61.6666679382324 60 78 80.3333358764648 77.6666641235352 81.3333358764648 104.666664123535 95.3333358764648 93.6666641235352 109 105.666664123535 94.6666641235352 106.333335876465 125.666664123535 116 124 149.33332824707 155.33332824707 145.33332824707 139.66667175293 139.33332824707 124
-3.4e+38 -3.4e+38 -3.4e+38 -3.4e+38 -3.4e+38 -3.4e+38 -3.4e+38 -3.4e+38 -3.4e+38 -3.4e+38 -3.4e+38 150.66667175293 143 140.33332824707 138.66667175293 133.33332824707 129 127.333335876465 124.333335876465 114.666664123535 113.666664123535 98.6666641235352 93.6666641235352 102.333335876465 105.333335876465 98.6666641235352 94.3333358764648 78.6666641235352 72.3333358764648 67 60 53.6666679382324 59.6666679382324 72.6666641235352 79.3333358764648 89.3333358764648 97 95.6666641235352 110.333335876465 107.333335876465 112.333335876465 123.333335876465 123.666664123535 120 130.33332824707 129.66667175293 133 128 139 137.66667175293 139.33332824707 143 128 139 159.33332824707
-3.4e+38 -3.4e+38 -3.4e+38 -3.4e+38 -3.4e+38 -3.4e+38 -3.4e+38 -3.4e+38 -3.4e+38 -3.4e+38 -3.4e+38 -3.4e+38 146 143.33332824707 142 138.33332824707 132 127.666664123535 127 120.333335876465 115.666664123535 109 109.666664123535 102.666664123535 101.333335876465 88.3333358764648 87 87.6666641235352 81.3333358764648 75 62.3333320617676 49.6666679382324 50.6666679382324 85 100.666664123535 100.333335876465 115 117 113.333335876465 116.333335876465 126.333335876465 122.666664123535 122.666664123535 130 152.66667175293 133.66667175293 111.666664123535 94 130.33332824707 130.33332824707 138 147 153 153.33332824707 121.666664123535
-3.4e+38 -3.4e+38 -3.4e+38 -3.4e+38 -3.4e+38 -3.4e+38 -3.4e+38 -3.4e+38 -3.4e+38 -3.4e+38 -3.4e+38 -3.4e+38 146.33332824707 144.66667175293 141.66667175293 138.33332824707 135.33332824707 128 126.333335876465 125.333335876465 123.333335876465 122 101 88.3333358764648 101.333335876465 101 94.6666641235352 88 86.6666641235352 83 65 49.6666679382324 49.3333320617676 66.3333358764648 79 89.6666641235352 120.666664123535 124.333335876465 113.666664123535 124.666664123535 134 131.66667175293 140.66667175293 153.66667175293 137.33332824707 135 117.666664123535 79.3333358764648 71.3333358764648 98 85 89.6666641235352 107 113.333335876465 163
-3.4e+38 -3.4e+38 -3.4e+38 -3.4e+38 -3.4e+38 -3.4e+38 -3.4e+38 -3.4e+38 -3.4e+38 -3.4e+38 -3.4e+38 -3.4e+38 -3.4e+38 149 141.66667175293 141 138.33332824707 131.66667175293 127 126 112 100.333335876465 94.3333358764648 87.3333358764648 113.666664123535 103.333335876465 89 88 82.6666641235352 66 64 50.6666679382324 61.3333320617676 48 61.6666679382324 99.3333358764648 130 133 134.66667175293 129.33332824707 131.33332824707 125 137.33332824707 147 136.33332824707 134.33332824707 122.333335876465 102 111 93 96.3333358764648 99.3333358764648 121 193 220.66667175293
-3.4e+38 -3.4e+38 -3.4e+38 -3.4e+38 -3.4e+38 -3.4e+38 -3.4e+38 -3.4e+38 -3.4e+38 -3.4e+38 -3.4e+38 -3.4e+38 -3.4e+38 146.33332824707 142.66667175293 140.33332824707 135.66667175293 134.66667175293 130.66667175293 119.333335876465 120 118.666664123535 120.333335876465 112 91 107.666664123535 85 98.6666641235352 90.6666641235352 81 94.6666641235352 79.6666641235352 65 49 67.3333358764648 111.666664123535 130 112 121.333335876465 115.333335876465 111.333335876465 115.666664123535 132.33332824707 136 142 138 118.666664123535 107.333335876465 127 122.666664123535 85.3333358764648 163.33332824707 204.66667175293 166.66667175293 231
-3.4e+38 -3.4e+38 -3.4e+38 -3.4e+38 -3.4e+38 -3.4e+38 -3.4e+38 -3.4e+38 -3.4e+38 -3.4e+38 -3.4e+38 -3.4e+38 -3.4e+38 -3.4e+38 144 140.66667175293 139 137 129 130 128.66667175293 125 121.333335876465 111.333335876465 91.3333358764648 103.666664123535 80.6666641235352 114.666664123535 110.333335876465 109.666664123535 105.666664123535 75.3333358764648 61 65.3333358764648 78.6666641235352 119.333335876465 129.33332824707 115 124.333335876465 124.666664123535 123 125.666664123535 126 121 124.333335876465 117.666664123535 125 121.666664123535 129 127.666664123535 102.666664123535 140.66667175293 140.33332824707 201 201.66667175293
-3.4e+38 -3.4e+38 -3.4e+38 -3.4e+38 -3.4e+38 -3.4e+38 -3.4e+38 -3.4e+38 -3.4e+38 -3.4e+38 -3.4e+38 -3.4e+38 -3.4e+38 -3.4e+38 145.33332824707 141.66667175293 139.66667175293 137 133.33332824707 133 122.666664123535 117.666664123535 109.333335876465 93.3333358764648 103.666664123535 110.333335876465 107.333335876465 122.666664123535 111 100.666664123535 90 66 86 94.6666641235352 95.3333358764648 122.666664123535 132 113.333335876465 107 124 121 130.33332824707 123.333335876465 116.333335876465 122.333335876465 122.333335876465 111 108.333335876465 115 121.666664123535 103.333335876465 166 150 179.66667175293 269.666656494141
-3.4e+38 -3.4e+38 -3.4e+38 -3.4e+38 -3.4e+38 -3.4e+38 -3.4e+38 -3.4e+38 -3.4e+38 -3.4e+38 -3.4e+38 -3.4e+38 -3.4e+38 -3.4e+38 145.33332824707 142.33332824707 140.33332824707 137.66667175293 136 134.33332824707 127 119.333335876465 99 87 123 118.333335876465 100 127 124.666664123535 112 91 66.6666641235352 107.333335876465 125 132 130 125.333335876465 116 73.3333358764648 94.6666641235352 85 117.666664123535 106 81 80.6666641235352 102 114 120.333335876465 120.666664123535 113 99.3333358764648 115 218.33332824707 202 233.66667175293
-3.4e+38 -3.4e+38 -3.4e+38 -3.4e+38 -3.4e+38 -3.4e+38 -3.4e+38 -3.4e+38 -3.4e+38 -3.4e+38 -3.4e+38 -3.4e+38 -3.4e+38 -3.4e+38 -3.4e+38 144.33332824707 141.66667175293 141.33332824707 129.33332824707 122.666664123535 130 125.333335876465 112 91.3333358764648 126 124.666664123535 122.333335876465 130.66667175293 132.33332824707 126.333335876465 122.333335876465 122.666664123535 133.66667175293 132 87 79.6666641235352 78 62.3333320617676 74.6666641235352 59.6666679382324 61 84.3333358764648 79 98.3333358764648 101.333335876465 103.333335876465 118 116.666664123535 115 110.666664123535 102.666664123535 121.333335876465 125.666664123535 243.66667175293 245.33332824707
