mean_MH.asc
NCOLS 427 
NROWS 362 
XLLCORNER -9.541666667 
YLLCORNER 36 
CELLSIZE 0.0416666666674473 
NODATA_value -3.4e+38 
[rows 161 to 183 of 362, columns 255 to 305 of 427]
279.555541992188 280.222229003906 279.333343505859 285.111114501953 281.888885498047 288.666656494141 290.333343505859 247 249.777770996094 252.66667175293 254.66667175293 255.66667175293 258.555541992188 259.555541992188 261.555541992188 260.888885498047 262 262.888885498047 265.222229003906 261.666656494141 264.666656494141 268.777770996094 271.444458007812 270 276.555541992188 277.555541992188 280.777770996094 284.777770996094 286.222229003906 291.111114501953 289.666656494141 297.666656494141 309.777770996094 312.555541992188 319.444458007812 318.111114501953 317.555541992188 322.444458007812 336.555541992188 336.666656494141 330 340.111114501953 350 343.555541992188 323 315.222229003906 337.777770996094 355.222229003906 361.333343505859 372.222229003906 372.666656494141
292.888885498047 293.444458007812 300.666656494141 295.222229003906 295.777770996094 279.111114501953 252.444442749023 255.33332824707 257 258.777770996094 259.111114501953 259.555541992188 259.333343505859 260.888885498047 261.777770996094 261.888885498047 262.666656494141 265.111114501953 265.555541992188 261.888885498047 265.222229003906 266.333343505859 272.222229003906 274.555541992188 276.222229003906 277.888885498047 276.222229003906 274.777770996094 285.222229003906 287 291.222229003906 298.888885498047 293.666656494141 309.666656494141 317.666656494141 316.666656494141 317.222229003906 324.777770996094 327 330.444458007812 332.444458007812 333 338.333343505859 338.777770996094 340.333343505859 346.111114501953 293.111114501953 294.444458007812 306.333343505859 308.222229003906 365.555541992188
305.222229003906 314.222229003906 278.777770996094 263.333343505859 262.444458007812 262.111114501953 263.888885498047 263.666656494141 265.555541992188 263.444458007812 265.666656494141 264.222229003906 269.888885498047 275.222229003906 265.666656494141 264 267 270.555541992188 268.888885498047 269.777770996094 265.222229003906 271.666656494141 269.555541992188 270.111114501953 273.444458007812 276.333343505859 280 283.333343505859 284.666656494141 290.333343505859 300.888885498047 297.666656494141 291.333343505859 306.111114501953 311.888885498047 317 317.444458007812 321.333343505859 326.222229003906 330.111114501953 332.444458007812 330.888885498047 334.444458007812 337.111114501953 339 332.333343505859 344.222229003906 318.444458007812 300.666656494141 304.555541992188 307
270.111114501953 268 268 269 268.666656494141 265.555541992188 267 269.333343505859 266.222229003906 271.111114501953 268.555541992188 268.777770996094 271.333343505859 272.555541992188 272.444458007812 270.111114501953 270.888885498047 270.888885498047 268.555541992188 267 266.111114501953 275.333343505859 270.111114501953 278.666656494141 273 280.333343505859 289.555541992188 291.666656494141 292.333343505859 291.888885498047 298.333343505859 302.555541992188 307.666656494141 301.444458007812 302.666656494141 312 317.444458007812 319 322.333343505859 323.333343505859 324 330.444458007812 329.333343505859 331.777770996094 335.666656494141 333.666656494141 291.777770996094 297 304.444458007812 325.222229003906 298.444458007812
271.888885498047 274.222229003906 270.666656494141 267.777770996094 270.666656494141 270.888885498047 272.555541992188 271.888885498047 272.666656494141 272.333343505859 269.111114501953 265.555541992188 269.444458007812 273.111114501953 272.222229003906 273.555541992188 275.888885498047 270.333343505859 271.444458007812 272.444458007812 269 285.444458007812 282.666656494141 286.777770996094 280.888885498047 283.222229003906 287.777770996094 289.111114501953 288.666656494141 291.777770996094 289.555541992188 296.222229003906 293.333343505859 302 304.666656494141 306.666656494141 313.888885498047 315.444458007812 317.444458007812 322.444458007812 320.777770996094 325.222229003906 324.222229003906 331.333343505859 328.666656494141 298.666656494141 301.444458007812 314.111114501953 302.666656494141 303.444458007812 306.555541992188
273.444458007812 274.555541992188 275.666656494141 275.444458007812 275.444458007812 272.444458007812 277.555541992188 275.555541992188 275.888885498047 271.444458007812 265.666656494141 273.777770996094 274.555541992188 273.111114501953 279.555541992188 282.666656494141 279.444458007812 276.666656494141 278.222229003906 273.888885498047 280.222229003906 280.444458007812 284.222229003906 281 276.333343505859 281.222229003906 284.555541992188 283.555541992188 283.666656494141 286 287.111114501953 289.444458007812 291.888885498047 296.444458007812 312.444458007812 304.888885498047 314.111114501953 311.444458007812 313 312.666656494141 309.555541992188 312.888885498047 308.777770996094 311.222229003906 306.222229003906 315.888885498047 312.666656494141 311.777770996094 302.888885498047 303.333343505859 302.444458007812
280.222229003906 278 279.666656494141 279.111114501953 280.888885498047 281.888885498047 279.555541992188 280.111114501953 274.333343505859 273.222229003906 272.222229003906 272.111114501953 276.666656494141 280.222229003906 284.333343505859 282.666656494141 280.111114501953 274.111114501953 270.666656494141 281.666656494141 281 285.888885498047 278.111114501953 285 283.777770996094 286.333343505859 285 286.333343505859 281.555541992188 286.777770996094 284.444458007812 311.888885498047 329.222229003906 331.111114501953 334.666656494141 314.555541992188 315.444458007812 312.444458007812 313.555541992188 314.222229003906 338.555541992188 343.555541992188 334.555541992188 305.888885498047 308.333343505859 310.666656494141 311.555541992188 336.444458007812 301.444458007812 300.666656494141 320.333343505859
283.777770996094 283.666656494141 283 283.888885498047 279.555541992188 279.555541992188 276.222229003906 278.111114501953 282.111114501953 281.666656494141 280.555541992188 280 282.555541992188 287.888885498047 285.111114501953 284.111114501953 270.555541992188 272.111114501953 281.333343505859 282.555541992188 279.666656494141 279.333343505859 279.777770996094 274.444458007812 275.555541992188 276.222229003906 279.777770996094 287 323.333343505859 288.111114501953 303 325.111114501953 326.555541992188 326.111114501953 329.111114501953 333.555541992188 331.555541992188 336.333343505859 337.888885498047 336.333343505859 341.777770996094 340 335.888885498047 353.555541992188 346 335.666656494141 328.444458007812 316.222229003906 305.222229003906 297 301.777770996094
285 287.333343505859 285.222229003906 285.888885498047 285.888885498047 287.333343505859 281.777770996094 285.777770996094 284.111114501953 289.222229003906 288.888885498047 287.333343505859 290.111114501953 288.111114501953 291.444458007812 280.444458007812 291 287.777770996094 284.111114501953 287 288 284.222229003906 282.888885498047 283 281.222229003906 277.888885498047 322.222229003906 323.222229003906 328.111114501953 325.888885498047 324.888885498047 320 325.222229003906 322.444458007812 323 326 334.666656494141 333.444458007812 338.888885498047 371.111114501953 366.888885498047 338.333343505859 341.333343505859 339.333343505859 359.888885498047 360.111114501953 359 335.111114501953 305.888885498047 293.777770996094 303.111114501953
289.555541992188 290.666656494141 297.444458007812 295.444458007812 297.777770996094 299 293.444458007812 294.666656494141 290.555541992188 290.444458007812 290.333343505859 290.111114501953 289.222229003906 289.666656494141 290.777770996094 285 281 281.777770996094 282 281.555541992188 277.777770996094 277.888885498047 277.888885498047 304 307.666656494141 314 325.777770996094 320.555541992188 324.444458007812 325 325.222229003906 316.555541992188 320.111114501953 320.888885498047 335.555541992188 338.777770996094 335.888885498047 338.111114501953 371.666656494141 374.222229003906 374.111114501953 370.888885498047 366.555541992188 364.555541992188 365.555541992188 369.888885498047 369.555541992188 347.444458007812 355.444458007812 340.333343505859 339.888885498047
290.888885498047 293 300.777770996094 303.222229003906 303.666656494141 304.555541992188 300.333343505859 301.333343505859 299.333343505859 298.777770996094 296.111114501953 293.777770996094 293.777770996094 291.666656494141 289.333343505859 288 289.555541992188 288.777770996094 284.777770996094 281.333343505859 278.888885498047 317.444458007812 309.555541992188 313.222229003906 326.555541992188 327 327.666656494141 326 345.555541992188 342.111114501953 343.666656494141 338.444458007812 337.111114501953 334 330.111114501953 340 338.555541992188 333 365 368.444458007812 371.222229003906 371 371.555541992188 370.888885498047 365.222229003906 367.555541992188 365.888885498047 358.333343505859 341 340.666656494141 338.444458007812
300.888885498047 305.222229003906 304 305.888885498047 264.444458007812 264.444458007812 264.111114501953 260 300 304 300.666656494141 299.444458007812 293.444458007812 291.111114501953 287 286 285.444458007812 285.444458007812 279 312.333343505859 311 311 324.111114501953 324.777770996094 318.666656494141 318.444458007812 348 342.777770996094 321 321.666656494141 317.888885498047 321.777770996094 321.111114501953 324.555541992188 340.777770996094 355.333343505859 352.555541992188 347 353.666656494141 364.777770996094 366.111114501953 373.444458007812 376.666656494141 368.555541992188 367.333343505859 371.333343505859 371.222229003906 373.444458007812 354.444458007812 357.888885498047 353.555541992188
306.333343505859 270 265.444458007812 270.444458007812 268.555541992188 271 270.666656494141 271.333343505859 268.555541992188 263.888885498047 306.222229003906 303.666656494141 295.777770996094 291.222229003906 289.777770996094 288.333343505859 285.111114501953 280.777770996094 313 311.111114501953 310.111114501953 310.555541992188 327.222229003906 326.777770996094 325.444458007812 323.666656494141 352.222229003906 348.888885498047 350.222229003906 347.555541992188 318.444458007812 322.111114501953 317.333343505859 318 322.555541992188 312.555541992188 349.555541992188 355.333343505859 363.777770996094 369.555541992188 369.888885498047 376.666656494141 378.333343505859 378.888885498047 363.888885498047 368.111114501953 372.111114501953 373.111114501953 355.555541992188 348.888885498047 342.111114501953
273.777770996094 282.111114501953 277.111114501953 274.444458007812 269 273 278.555541992188 273.666656494141 272.888885498047 270.555541992188 263.555541992188 260 298.222229003906 293.444458007812 287.888885498047 283.555541992188 283.333343505859 283.777770996094 280.111114501953 304.777770996094 305.777770996094 310.333343505859 326.333343505859 326.555541992188 324.777770996094 354.444458007812 349.444458007812 352.222229003906 346.222229003906 322.333343505859 341.111114501953 316.111114501953 334 320.888885498047 319 316.111114501953 321.555541992188 350.222229003906 350.777770996094 367.333343505859 350.777770996094 353.222229003906 350.777770996094 373.333343505859 374.444458007812 366.333343505859 371.111114501953 349.777770996094 362.777770996094 350.333343505859 346
277.888885498047 287.555541992188 280.666656494141 279.222229003906 277.222229003906 274.888885498047 274.111114501953 276.777770996094 276.333343505859 276.111114501953 269.333343505859 267.888885498047 297 294.555541992188 285.333343505859 283.666656494141 284.111114501953 282.777770996094 282.777770996094 315.333343505859 325.444458007812 322.888885498047 327.111114501953 325.666656494141 353.111114501953 352 348.333343505859 347.555541992188 346.777770996094 339.666656494141 333.444458007812 327.444458007812 323.444458007812 319.444458007812 316.888885498047 310.222229003906 312.888885498047 312.222229003906 338.222229003906 340.444458007812 332.333343505859 317.333343505859 328.333343505859 327 353.111114501953 349.111114501953 352 357.666656494141 364.888885498047 346 347.666656494141
281.222229003906 286.555541992188 288.555541992188 284.333343505859 285.333343505859 280.111114501953 278.222229003906 278.777770996094 278.666656494141 276 271.888885498047 272.222229003906 263.222229003906 295 290.666656494141 289.444458007812 320 315.777770996094 315.555541992188 313.888885498047 303.444458007812 300.777770996094 301.777770996094 323.666656494141 323.777770996094 350.666656494141 350.111114501953 347.444458007812 317.222229003906 330.333343505859 310.888885498047 319.888885498047 326 339.555541992188 330.333343505859 333.777770996094 336.777770996094 303.111114501953 289.333343505859 289 298.888885498047 293.555541992188 290.222229003906 323.222229003906 348.888885498047 321.111114501953 322.777770996094 341.111114501953 391.111114501953 392.222229003906 386.666656494141
286.111114501953 287.111114501953 287 287.555541992188 294.666656494141 286.888885498047 281.222229003906 278.666656494141 279 281.111114501953 277.888885498047 270 264.111114501953 259.555541992188 286.333343505859 287 283.888885498047 316.555541992188 315.333343505859 314.222229003906 324 304.111114501953 323.111114501953 320.555541992188 353.111114501953 377.666656494141 377.555541992188 372.333343505859 364.777770996094 361.777770996094 348.666656494141 348.444458007812 335.333343505859 315.333343505859 324.555541992188 305 270.444458007812 270.555541992188 265.444458007812 247 282.333343505859 290.888885498047 295 305.666656494141 322.555541992188 332.333343505859 366.777770996094 370.888885498047 396.222229003906 386 401.333343505859
279.222229003906 277.666656494141 290 292 295 289 285 282.888885498047 277.888885498047 277.888885498047 270.444458007812 269.666656494141 264.222229003906 263.555541992188 258 284.888885498047 311.444458007812 308.444458007812 309.222229003906 312.111114501953 320.666656494141 321.333343505859 348.555541992188 350.888885498047 375.444458007812 374 375.555541992188 375.222229003906 379.666656494141 368.333343505859 323.333343505859 297.111114501953 326.111114501953 333.444458007812 311.111114501953 287.666656494141 268.666656494141 264.666656494141 263.888885498047 280.666656494141 297.666656494141 272.777770996094 245.555557250977 244 253.66667175293 314.555541992188 385.111114501953 417 435.222229003906 412.555541992188 415.111114501953
284.222229003906 286.888885498047 290.222229003906 292.666656494141 292.111114501953 288.333343505859 285.777770996094 284 277.777770996094 277.777770996094 271.444458007812 269.555541992188 266.333343505859 261.555541992188 258 290.777770996094 319.555541992188 309 308.222229003906 301.333343505859 298.111114501953 318.888885498047 321.222229003906 317.555541992188 365.555541992188 363.888885498047 369.666656494141 367.666656494141 368.777770996094 364.666656494141 343.222229003906 334.777770996094 331 314 297.888885498047 304.333343505859 295.888885498047 300.333343505859 315.777770996094 302.444458007812 287 279.444458007812 282.888885498047 264 318.555541992188 282.333343505859 370.111114501953 442.777770996094 419.333343505859 413.555541992188 419.222229003906
285.111114501953 285.666656494141 288.666656494141 289.444458007812 289.333343505859 287.111114501953 284.666656494141 279.888885498047 276 275.666656494141 272.666656494141 267.777770996094 263.666656494141 260.888885498047 259.333343505859 288.222229003906 307.666656494141 308.555541992188 307.444458007812 302.888885498047 315.444458007812 315.333343505859 315.777770996094 319.111114501953 371.222229003906 365.888885498047 372.333343505859 366.222229003906 366.777770996094 372.666656494141 364.666656494141 339.333343505859 315.111114501953 285.555541992188 287.666656494141 290.111114501953 285.222229003906 278.555541992188 268.444458007812 263.777770996094 260.444458007812 266.666656494141 359 432.333343505859 440.333343505859 448.444458007812 434.777770996094 431.777770996094 426.888885498047 448.777770996094 421.444458007812
284.555541992188 287.555541992188 288.777770996094 285.555541992188 285.888885498047 286.444458007812 278.333343505859 279.777770996094 277.111114501953 277.222229003906 270.666656494141 266.222229003906 261.555541992188 261.666656494141 256.222229003906 283.777770996094 305.111114501953 303.111114501953 300.222229003906 297.666656494141 307.555541992188 320.111114501953 366.666656494141 369 371.888885498047 363 367.777770996094 370 363.666656494141 391.888885498047 390.333343505859 364.555541992188 330 316.555541992188 293.222229003906 288.555541992188 279.666656494141 267.333343505859 267.888885498047 288.555541992188 344.111114501953 413.777770996094 419.555541992188 397.222229003906 384.888885498047 452.111114501953 450.555541992188 433.777770996094 460.222229003906 438.555541992188 425.111114501953
283.222229003906 285.444458007812 283.666656494141 279.444458007812 277.444458007812 278.111114501953 273.222229003906 274.777770996094 275.111114501953 276.555541992188 266.111114501953 265.888885498047 261.333343505859 257.333343505859 280.666656494141 276.666656494141 302.888885498047 298.333343505859 294.111114501953 291.555541992188 308.777770996094 312.222229003906 309.888885498047 352.111114501953 347.777770996094 303.222229003906 285.666656494141 284.777770996094 273.888885498047 285.888885498047 324.444458007812 336 325.333343505859 351.222229003906 352.666656494141 345.888885498047 332.666656494141 336.111114501953 350.111114501953 395.111114501953 428.333343505859 371.555541992188 357.333343505859 369.444458007812 425 451.555541992188 421.111114501953 424.333343505859 422.666656494141 422.555541992188 421.666656494141
282.555541992188 282.111114501953 282.333343505859 279.666656494141 275.444458007812 276.444458007812 272.444458007812 271 269.444458007812 274.888885498047 267.888885498047 261.333343505859 260.666656494141 258.777770996094 284 281.444458007812 304.777770996094 300 292.666656494141 294.111114501953 312.555541992188 306.222229003906 295.222229003906 291.666656494141 259.555541992188 251.222229003906 247.111114501953 242.66667175293 240.777770996094 256.444458007812 256.777770996094 275.555541992188 246 244.66667175293 272 284.222229003906 275.222229003906 303.333343505859 333.888885498047 337.333343505859 342 351 379.888885498047 437.555541992188 447.666656494141 453 450.666656494141 421.222229003906 414.666656494141 407.888885498047 415
