mean_MH.asc
NCOLS 427 
NROWS 362 
XLLCORNER -9.541666667 
YLLCORNER 36 
CELLSIZE 0.0416666666674473 
NODATA_value -3.4e+38 
[rows 184 to 206 of 362, columns 102 to 152 of 427]
129.555557250977 202.777770996094 236.777770996094 221.777770996094 221 147.888885498047 114.555557250977 145.111114501953 176.222229003906 201.444442749023 145.777770996094 154 170.444442749023 189.222229003906 199.66667175293 182.33332824707 188.222229003906 -3.4e+38 185 -3.4e+38 -3.4e+38 172 160.222229003906 -3.4e+38 -3.4e+38 134.777770996094 127 112.333335876465 105.777778625488 107.555557250977 105.555557250977 97 90.5555572509766 86.4444427490234 87 83.4444427490234 79.3333358764648 79.2222213745117 77.3333358764648 73.7777786254883 71.5555572509766 71.3333358764648 71.2222213745117 72.6666641235352 70.5555572509766 67.5555572509766 66.8888854980469 65.8888854980469 63.3333320617676 -3.4e+38 -3.4e+38
223.777770996094 220.33332824707 229.66667175293 225.444442749023 202.444442749023 203.777770996094 183.222229003906 144.777770996094 132.66667175293 131.444442749023 73.1111145019531 67.6666641235352 67.5555572509766 76.2222213745117 106.111114501953 127.111114501953 144.777770996094 159.222229003906 178.222229003906 173.888885498047 164.444442749023 166.222229003906 154.444442749023 150.111114501953 128.111114501953 114 112.666664123535 116.333335876465 116 117.222221374512 106 102.111114501953 94 90.3333358764648 86.8888854980469 81.3333358764648 79.7777786254883 80.3333358764648 77.8888854980469 73.6666641235352 70.6666641235352 68.7777786254883 72 71.4444427490234 70.2222213745117 65.6666641235352 64.5555572509766 67 63.3333320617676 65.7777786254883 64.7777786254883
138.888885498047 139.555557250977 111.444442749023 172.66667175293 128.777770996094 139.888885498047 125 119.111114501953 98.4444427490234 118.222221374512 146.222229003906 154 119.444442749023 128.444442749023 114.222221374512 114.333335876465 156.555557250977 145.777770996094 150.888885498047 156.66667175293 118.444442749023 115.555557250977 144.111114501953 127.555557250977 120.111114501953 128.555557250977 126.666664123535 101.111114501953 99.4444427490234 109.222221374512 87.6666641235352 95.3333358764648 96.2222213745117 89.1111145019531 88.7777786254883 78.1111145019531 68.3333358764648 68.6666641235352 66.6666641235352 65.6666641235352 66.7777786254883 64.6666641235352 65.7777786254883 63.4444427490234 71.1111145019531 65.6666641235352 61.7777786254883 62.1111106872559 62.3333320617676 60.6666679382324 62.2222213745117
75.3333358764648 90.7777786254883 123.888885498047 171.111114501953 114.777778625488 77.7777786254883 72 70 70.1111145019531 72.1111145019531 69.1111145019531 81 68.6666641235352 66.6666641235352 66.1111145019531 111.222221374512 84.6666641235352 68.2222213745117 80.1111145019531 116.555557250977 124.111114501953 98 94.3333358764648 90.6666641235352 113.222221374512 108.888885498047 85.3333358764648 77.6666641235352 104.111114501953 119 90.2222213745117 81.6666641235352 97.4444427490234 77.7777786254883 82.2222213745117 78.8888854980469 64.7777786254883 64.1111145019531 62.2222213745117 62.8888893127441 65.4444427490234 63.2222213745117 65.6666641235352 66.6666641235352 68 63 62.5555572509766 60.4444427490234 63.2222213745117 60.7777786254883 61.3333320617676
76.3333358764648 80.7777786254883 87.3333358764648 79.5555572509766 99.1111145019531 76.1111145019531 75 93.2222213745117 92.8888854980469 72.3333358764648 81.3333358764648 74.1111145019531 72.8888854980469 79 73.1111145019531 68.5555572509766 74.6666641235352 83.6666641235352 70.5555572509766 89.8888854980469 74.8888854980469 115.555557250977 83.4444427490234 96.6666641235352 98.5555572509766 92.1111145019531 75.6666641235352 82.4444427490234 91.8888854980469 98 74.5555572509766 72.1111145019531 93.8888854980469 67.3333358764648 80.3333358764648 79.2222213745117 64.4444427490234 62.3333320617676 61.5555572509766 65.4444427490234 61 62.2222213745117 60.4444427490234 64.5555572509766 62.4444427490234 62 65.5555572509766 62.8888893127441 62.4444427490234 61.6666679382324 61.4444427490234
82.6666641235352 76.8888854980469 94.5555572509766 85.6666641235352 87 76.5555572509766 78.7777786254883 96 91.1111145019531 75.2222213745117 98.8888854980469 94.3333358764648 86.8888854980469 91.2222213745117 72.6666641235352 76.1111145019531 131.33332824707 71.5555572509766 73.8888854980469 70.7777786254883 73.8888854980469 69 86.7777786254883 84.6666641235352 76.7777786254883 68.1111145019531 67.4444427490234 70 79.2222213745117 103.666664123535 88.2222213745117 67.2222213745117 77.6666641235352 77.8888854980469 67.6666641235352 68.1111145019531 67.3333358764648 62.1111106872559 64.8888854980469 68 66.1111145019531 62.5555572509766 64.4444427490234 64.1111145019531 62 61.3333320617676 62.3333320617676 60.3333320617676 60.1111106872559 62 62.3333320617676
103.111114501953 88.8888854980469 96.3333358764648 84.4444427490234 91.1111145019531 91.7777786254883 81 87.1111145019531 77.8888854980469 83.5555572509766 99.4444427490234 88.2222213745117 84.2222213745117 77.4444427490234 88.1111145019531 105 111.222221374512 90 74.1111145019531 85.7777786254883 82.3333358764648 73.3333358764648 73.5555572509766 73.2222213745117 72.8888854980469 72.3333358764648 72.1111145019531 71.1111145019531 69.4444427490234 87.1111145019531 93.5555572509766 69.3333358764648 68.6666641235352 72.7777786254883 69.1111145019531 70.2222213745117 67.3333358764648 63.1111106872559 72.8888854980469 70 69.8888854980469 69 66.1111145019531 67 66.3333358764648 65.6666641235352 60.5555572509766 62.1111106872559 63.1111106872559 62.7777786254883 62.2222213745117
88.2222213745117 88.4444427490234 91.7777786254883 102.555557250977 97.4444427490234 87 94.3333358764648 99 103.666664123535 98 99.4444427490234 97.4444427490234 81.1111145019531 84.4444427490234 82.7777786254883 96.8888854980469 85.7777786254883 96.4444427490234 78.2222213745117 83.2222213745117 77.4444427490234 76.4444427490234 84 77.3333358764648 73.5555572509766 75.4444427490234 74.3333358764648 73.3333358764648 73.4444427490234 75.1111145019531 71.6666641235352 70.5555572509766 70.5555572509766 71.3333358764648 70.8888854980469 70.2222213745117 71 72 76.6666641235352 77.7777786254883 70.8888854980469 70.2222213745117 70.3333358764648 68.6666641235352 67.6666641235352 65.3333358764648 63.4444427490234 63.8888893127441 63.3333320617676 61.4444427490234 62.1111106872559
103.888885498047 106.777778625488 101.111114501953 112.111114501953 101.222221374512 99.6666641235352 102.444442749023 97.4444427490234 99.8888854980469 104.222221374512 97 103.555557250977 104.444442749023 97.4444427490234 89.8888854980469 93.1111145019531 89.1111145019531 86.3333358764648 85.3333358764648 87.7777786254883 88.5555572509766 87.4444427490234 97.7777786254883 97.5555572509766 91.5555572509766 82.7777786254883 83.4444427490234 85 75.5555572509766 74.1111145019531 75.2222213745117 76.4444427490234 78.3333358764648 73.7777786254883 73.2222213745117 75.3333358764648 80 74.8888854980469 73.8888854980469 72.6666641235352 71.7777786254883 71.2222213745117 70.8888854980469 70 70.3333358764648 70.2222213745117 68.6666641235352 68.1111145019531 68.2222213745117 68.5555572509766 67.2222213745117
133.777770996094 111.444442749023 112.333335876465 108.555557250977 110 131.111114501953 126.444442749023 102.444442749023 108.888885498047 101.888885498047 101.777778625488 105.222221374512 107.666664123535 106.888885498047 106.888885498047 104.666664123535 104.333335876465 97.5555572509766 89.6666641235352 89.2222213745117 98.7777786254883 100.222221374512 101.777778625488 90.1111145019531 86.1111145019531 85.6666641235352 84.2222213745117 83 80.2222213745117 79.8888854980469 77.5555572509766 75.8888854980469 75.5555572509766 75.2222213745117 76.1111145019531 76 74.8888854980469 73.5555572509766 73.7777786254883 73.2222213745117 72.8888854980469 72.8888854980469 72.8888854980469 72.1111145019531 72 71.7777786254883 71.8888854980469 71.3333358764648 70.5555572509766 70.5555572509766 70
160.777770996094 139.777770996094 135.222229003906 133.66667175293 128.222229003906 118.555557250977 149 147.777770996094 130.777770996094 116.888885498047 117.333335876465 119.111114501953 117.111114501953 117.888885498047 116.444442749023 112.222221374512 110.222221374512 108 111.888885498047 113.777778625488 105 105.333335876465 97.8888854980469 102.888885498047 101.444442749023 98.4444427490234 98.7777786254883 96.4444427490234 96.7777786254883 91.5555572509766 90.1111145019531 87.1111145019531 86.3333358764648 83.6666641235352 83 83.6666641235352 85.2222213745117 81.7777786254883 79.7777786254883 79.4444427490234 77.3333358764648 77.6666641235352 74.4444427490234 74.3333358764648 73.8888854980469 73.1111145019531 72.6666641235352 77.6666641235352 76 72.4444427490234 75.3333358764648
201.111114501953 185.888885498047 181 170.66667175293 158.444442749023 160.222229003906 148 150.222229003906 146.33332824707 143 126.888885498047 123.333335876465 118.555557250977 123.888885498047 116.111114501953 116.222221374512 111.555557250977 117.666664123535 120.666664123535 134.66667175293 126.444442749023 107.333335876465 110.222221374512 106.111114501953 109 117.333335876465 113.111114501953 108 108 107.666664123535 102 101 99.7777786254883 97.8888854980469 97.4444427490234 91.6666641235352 89.7777786254883 88.3333358764648 90.7777786254883 92.8888854980469 77.8888854980469 78.2222213745117 77.8888854980469 79.6666641235352 83.1111145019531 82.1111145019531 81.6666641235352 79.8888854980469 80.7777786254883 83.2222213745117 82
218.444442749023 188.111114501953 216.555557250977 236.777770996094 187.66667175293 179.777770996094 194.66667175293 215 192.888885498047 174.444442749023 149.33332824707 161 153.444442749023 140.555557250977 138.555557250977 123.333335876465 150.444442749023 161 158.555557250977 152.222229003906 146.444442749023 151.555557250977 133.444442749023 139.66667175293 131.33332824707 139.66667175293 144.222229003906 139 135.33332824707 136.888885498047 132.33332824707 126.777778625488 121.333335876465 113.222221374512 119.555557250977 118.444442749023 108.444442749023 101.888885498047 97.5555572509766 98 97.4444427490234 92.2222213745117 91.6666641235352 85 89 106.555557250977 95.4444427490234 93.5555572509766 97.1111145019531 98.1111145019531 90.3333358764648
255 244.444442749023 242.33332824707 255.555557250977 240.777770996094 224.66667175293 237.777770996094 235.888885498047 235.33332824707 184.33332824707 219.444442749023 192.777770996094 153.888885498047 150.222229003906 154.33332824707 148.111114501953 145.777770996094 149.555557250977 176.555557250977 171.777770996094 172.555557250977 174.777770996094 171.555557250977 166.777770996094 167.555557250977 165.444442749023 162.777770996094 159.888885498047 149.444442749023 157.111114501953 155 150 152 137.888885498047 145.555557250977 144 134.111114501953 129.444442749023 133.777770996094 122.222221374512 116.555557250977 121.666664123535 123.666664123535 113.777778625488 101.333335876465 100.333335876465 102.777778625488 102 110.666664123535 115.888885498047 114
255.555557250977 262.888885498047 253.555557250977 253.222229003906 250.777770996094 244.222229003906 261.222229003906 249.111114501953 259 247 256.222229003906 234 202.777770996094 235.66667175293 244 235.33332824707 220.222229003906 212.555557250977 199.777770996094 198.66667175293 191.66667175293 185.555557250977 191.888885498047 186.888885498047 184.777770996094 180.222229003906 183.111114501953 179.222229003906 175.777770996094 180.33332824707 175.33332824707 173.888885498047 172.222229003906 169.777770996094 169.66667175293 173.222229003906 167.111114501953 162 162.444442749023 155.777770996094 158.444442749023 144.33332824707 139.777770996094 141.777770996094 137.33332824707 125.555557250977 123.222221374512 131.111114501953 127.222221374512 123 126.666664123535
269.666656494141 261.888885498047 258.777770996094 238.777770996094 254.66667175293 255.66667175293 253.777770996094 256.666656494141 260.888885498047 268.555541992188 266 259.222229003906 260.888885498047 261.111114501953 248.888885498047 249.777770996094 248.66667175293 241.33332824707 239.888885498047 224.66667175293 208.555557250977 213.444442749023 204.66667175293 195.444442749023 196 190 193.777770996094 202.222229003906 208.33332824707 199.777770996094 193.777770996094 195.777770996094 195.111114501953 201.33332824707 201.555557250977 191.33332824707 187 189.555557250977 189.777770996094 190.555557250977 186.444442749023 178.222229003906 178.555557250977 167.777770996094 162.444442749023 161.33332824707 154.888885498047 154.888885498047 152.555557250977 148.66667175293 147.111114501953
275.777770996094 254.111114501953 243.444442749023 229.66667175293 266.222229003906 262.222229003906 239.777770996094 259.555541992188 265.555541992188 260.666656494141 274.555541992188 272.444458007812 269.666656494141 270.222229003906 271.777770996094 269.111114501953 268.444458007812 266.222229003906 265.888885498047 259.444458007812 249.888885498047 252.555557250977 255.777770996094 248 229.777770996094 247.888885498047 239.555557250977 238.888885498047 233.888885498047 245.888885498047 239.33332824707 237.444442749023 245 250.444442749023 241.777770996094 236.444442749023 242.111114501953 239.33332824707 238.111114501953 232 232 233.444442749023 230.111114501953 211.33332824707 196 220.777770996094 221 215.888885498047 194.888885498047 214.222229003906 187.555557250977
286.888885498047 267.111114501953 251.111114501953 252.777770996094 264.111114501953 255.888885498047 235.66667175293 244 263.777770996094 269.555541992188 268.666656494141 263.444458007812 279.222229003906 278.222229003906 279.777770996094 267.444458007812 268.111114501953 276.444458007812 276.555541992188 268.222229003906 255.222229003906 251.444442749023 262.111114501953 266.555541992188 266.555541992188 260.444458007812 256.111114501953 254.777770996094 259.777770996094 259.333343505859 260 258.888885498047 252.777770996094 253.444442749023 250.888885498047 250.555557250977 258.777770996094 256.888885498047 263.111114501953 255.33332824707 246.555557250977 255 255.222229003906 224.33332824707 219.222229003906 241.777770996094 253.888885498047 253.555557250977 250.222229003906 248 226.777770996094
289.444458007812 263.111114501953 257.777770996094 267.666656494141 263.111114501953 248.111114501953 236.444442749023 249.222229003906 260.555541992188 262.333343505859 259.111114501953 247.222229003906 273.333343505859 268.444458007812 263.222229003906 261.777770996094 250.222229003906 262.444458007812 264.222229003906 263.333343505859 263.888885498047 248.111114501953 247.555557250977 248.777770996094 262.111114501953 269.555541992188 266.333343505859 266.888885498047 267.333343505859 268.222229003906 265.888885498047 266 259.555541992188 259.777770996094 258 250.33332824707 248.33332824707 252.33332824707 257.666656494141 256 264.111114501953 261.888885498047 237.444442749023 235 243.66667175293 243.111114501953 237.111114501953 236.555557250977 234.33332824707 230.111114501953 231.444442749023
306.888885498047 272.444458007812 280.222229003906 291.666656494141 279.444458007812 255.777770996094 246.111114501953 270.222229003906 265.444458007812 259.111114501953 259.888885498047 251.888885498047 250.444442749023 259.666656494141 252.33332824707 239.777770996094 247.777770996094 249.111114501953 247.555557250977 245.222229003906 245 241.222229003906 244.444442749023 240.444442749023 247.111114501953 246.444442749023 247.555557250977 252.66667175293 252 259.888885498047 274.666656494141 258.777770996094 276.888885498047 278.555541992188 270 272 273.777770996094 271.444458007812 270 274.111114501953 268.888885498047 247.444442749023 238.777770996094 234.555557250977 231.555557250977 233.444442749023 231.66667175293 240.111114501953 231.66667175293 246 242.888885498047
350.777770996094 355.555541992188 343.222229003906 331.666656494141 296.555541992188 262.777770996094 253.777770996094 265.555541992188 271.333343505859 276.888885498047 270.444458007812 258.555541992188 258.111114501953 271.888885498047 273.888885498047 268.555541992188 259.555541992188 255.888885498047 263.777770996094 263.111114501953 247.33332824707 247.777770996094 245.33332824707 237.555557250977 245.111114501953 244.777770996094 241.444442749023 239.222229003906 239.111114501953 239.222229003906 246.222229003906 247.555557250977 261.555541992188 276.666656494141 283.444458007812 284.444458007812 282.666656494141 291.222229003906 290 282.555541992188 253.444442749023 247.33332824707 247.888885498047 250.111114501953 257 267 237.66667175293 230.777770996094 251.33332824707 249.66667175293 245
420.888885498047 420.222229003906 405.888885498047 365.777770996094 326.333343505859 287.111114501953 267.555541992188 277.222229003906 287.333343505859 293.555541992188 279.111114501953 276 269.333343505859 272.111114501953 277.777770996094 271.888885498047 274.222229003906 273 274.333343505859 271.666656494141 268.222229003906 265.111114501953 260.666656494141 259.777770996094 249.777770996094 255.555557250977 250.777770996094 248.777770996094 246.888885498047 254.33332824707 253.444442749023 250.555557250977 262.888885498047 277.444458007812 292.222229003906 299.333343505859 288.777770996094 301.666656494141 297.111114501953 299 283.111114501953 270.777770996094 288 320 317.777770996094 314.555541992188 257.777770996094 256.888885498047 265.555541992188 261.444458007812 242.888885498047
470.222229003906 454.111114501953 447 423 388 332.111114501953 300.666656494141 307.111114501953 325.333343505859 309 299.666656494141 286.111114501953 268.444458007812 253.66667175293 265.555541992188 263.777770996094 271.777770996094 281.222229003906 269.222229003906 272 269.777770996094 265.555541992188 262.666656494141 270.444458007812 261.555541992188 263.111114501953 271.222229003906 264.555541992188 260.666656494141 252 250.66667175293 271 291.555541992188 308.111114501953 318.333343505859 310.777770996094 321.666656494141 332.888885498047 331.222229003906 334.111114501953 351.666656494141 338.222229003906 335.111114501953 356.333343505859 332.111114501953 309.222229003906 305 317.777770996094 309.222229003906 297.666656494141 277
