mean_MH.asc
NCOLS 427 
NROWS 362 
XLLCORNER -9.541666667 
YLLCORNER 36 
CELLSIZE 0.0416666666674473 
NODATA_value -3.4e+38 
[rows 312 to 335 of 362, columns 0 to 54 of 427]
-3.4e+38 -3.4e+38 -3.4e+38 -3.4e+38 -3.4e+38 -3.4e+38 -3.4e+38 -3.4e+38 -3.4e+38 -3.4e+38 -3.4e+38 -3.4e+38 -3.4e+38 -3.4e+38 -3.4e+38 -3.4e+38 -3.4e+38 145.444442749023 145 149.444442749023 152.888885498047 157.222229003906 154.66667175293 154.222229003906 150.888885498047 149 150 145.777770996094 144.444442749023 144.33332824707 143.66667175293 144.222229003906 144.777770996094 147.33332824707 147.66667175293 156.66667175293 156.222229003906 154.111114501953 157 156.222229003906 154.444442749023 153.222229003906 153.444442749023 153.33332824707 149.222229003906 143.33332824707 144.444442749023 147.777770996094 146.111114501953 147.33332824707 148.888885498047 149.444442749023 149.222229003906 147.222229003906 144.444442749023
-3.4e+38 -3.4e+38 -3.4e+38 -3.4e+38 -3.4e+38 -3.4e+38 -3.4e+38 -3.4e+38 -3.4e+38 -3.4e+38 -3.4e+38 -3.4e+38 -3.4e+38 -3.4e+38 -3.4e+38 -3.4e+38 -3.4e+38 147.111114501953 145.66667175293 150 155.222229003906 154.33332824707 147.66667175293 146.444442749023 147.66667175293 146.888885498047 146.444442749023 144.66667175293 145.444442749023 143.111114501953 143.444442749023 143.888885498047 144.222229003906 147.444442749023 148.66667175293 153.111114501953 157 155.777770996094 155.777770996094 158.777770996094 159.777770996094 150.222229003906 147.33332824707 149.888885498047 147.111114501953 143.888885498047 146.777770996094 147.888885498047 147.444442749023 147.66667175293 147.555557250977 149.111114501953 155.222229003906 156.111114501953 146.66667175293
-3.4e+38 -3.4e+38 -3.4e+38 -3.4e+38 -3.4e+38 -3.4e+38 -3.4e+38 -3.4e+38 -3.4e+38 -3.4e+38 -3.4e+38 -3.4e+38 -3.4e+38 -3.4e+38 -3.4e+38 -3.4e+38 147.444442749023 148.777770996094 145.888885498047 148.888885498047 155.111114501953 148 148.111114501953 147 147.33332824707 147.888885498047 146.33332824707 144.111114501953 144.222229003906 145 145 144.111114501953 143.777770996094 149.222229003906 150.777770996094 149.444442749023 149.555557250977 149.33332824707 150.66667175293 156.444442749023 158.222229003906 152.33332824707 149 146.66667175293 145.555557250977 142.222229003906 144.66667175293 146.111114501953 146 146.555557250977 145.66667175293 147.444442749023 151.444442749023 152.111114501953 157.66667175293
-3.4e+38 -3.4e+38 -3.4e+38 -3.4e+38 -3.4e+38 -3.4e+38 -3.4e+38 -3.4e+38 -3.4e+38 -3.4e+38 -3.4e+38 -3.4e+38 -3.4e+38 -3.4e+38 -3.4e+38 -3.4e+38 -3.4e+38 146.222229003906 147.777770996094 147.33332824707 149.111114501953 148.111114501953 147.66667175293 147.444442749023 146.33332824707 146.66667175293 144.33332824707 144.33332824707 142.888885498047 145 145.222229003906 144.555557250977 144.888885498047 143.888885498047 145.444442749023 148.111114501953 148.222229003906 149 149.888885498047 152 150.777770996094 150.555557250977 149.888885498047 146.444442749023 141 144.888885498047 147.111114501953 148.444442749023 147.33332824707 146.222229003906 147.777770996094 147.222229003906 145.111114501953 145.66667175293 143.222229003906
-3.4e+38 -3.4e+38 -3.4e+38 -3.4e+38 -3.4e+38 -3.4e+38 -3.4e+38 -3.4e+38 -3.4e+38 -3.4e+38 -3.4e+38 -3.4e+38 -3.4e+38 -3.4e+38 -3.4e+38 -3.4e+38 -3.4e+38 -3.4e+38 144.33332824707 145.111114501953 147.888885498047 146.777770996094 147.444442749023 147.777770996094 144.888885498047 143.222229003906 142.888885498047 144.66667175293 141.222229003906 145.111114501953 145.555557250977 146.111114501953 146.222229003906 145.777770996094 148.66667175293 145.888885498047 150.111114501953 149.66667175293 149.888885498047 150 147.777770996094 146.888885498047 146.111114501953 146.555557250977 145.66667175293 140.888885498047 146.33332824707 146.111114501953 145 145.444442749023 146.33332824707 148.111114501953 144.777770996094 143.777770996094 143.33332824707
-3.4e+38 -3.4e+38 -3.4e+38 -3.4e+38 -3.4e+38 -3.4e+38 -3.4e+38 -3.4e+38 -3.4e+38 -3.4e+38 -3.4e+38 -3.4e+38 -3.4e+38 -3.4e+38 -3.4e+38 -3.4e+38 -3.4e+38 -3.4e+38 143.66667175293 146.777770996094 145.444442749023 147.222229003906 146.444442749023 143.777770996094 143.555557250977 143.111114501953 142.111114501953 142.444442749023 142.111114501953 146.222229003906 145.222229003906 149.66667175293 151.555557250977 148.444442749023 150 150.444442749023 150 147.111114501953 147 147.555557250977 147.111114501953 146.444442749023 145.111114501953 145.111114501953 142.444442749023 141.111114501953 141.33332824707 145.111114501953 145.33332824707 147 145.66667175293 145.444442749023 144.555557250977 143 143.444442749023
-3.4e+38 -3.4e+38 -3.4e+38 -3.4e+38 -3.4e+38 -3.4e+38 -3.4e+38 -3.4e+38 -3.4e+38 -3.4e+38 -3.4e+38 -3.4e+38 -3.4e+38 -3.4e+38 -3.4e+38 -3.4e+38 -3.4e+38 -3.4e+38 144.66667175293 149 148.777770996094 146.777770996094 142.777770996094 141.777770996094 141.888885498047 143 142.888885498047 144.33332824707 144.111114501953 146.777770996094 148.66667175293 151.777770996094 151.888885498047 148 147.222229003906 148.444442749023 148.222229003906 146.888885498047 146.222229003906 143 144 146.66667175293 144.444442749023 143.444442749023 142.66667175293 140.888885498047 140.777770996094 145 145.555557250977 146.66667175293 145 144.777770996094 141.555557250977 142.444442749023 143.777770996094
-3.4e+38 -3.4e+38 -3.4e+38 -3.4e+38 -3.4e+38 -3.4e+38 -3.4e+38 -3.4e+38 -3.4e+38 -3.4e+38 -3.4e+38 -3.4e+38 -3.4e+38 -3.4e+38 -3.4e+38 -3.4e+38 -3.4e+38 -3.4e+38 144.444442749023 143.222229003906 148.888885498047 143.66667175293 142.888885498047 145.222229003906 144 144.444442749023 144.888885498047 145.555557250977 144.555557250977 144.66667175293 146.33332824707 145.888885498047 147.111114501953 148.222229003906 147.66667175293 147.888885498047 147.888885498047 148.111114501953 143.555557250977 147.66667175293 146.66667175293 145.888885498047 145.444442749023 145.888885498047 145.777770996094 140.111114501953 144.66667175293 145.66667175293 145.555557250977 144.222229003906 142.111114501953 140.66667175293 143.111114501953 143.111114501953 142.777770996094
-3.4e+38 -3.4e+38 -3.4e+38 -3.4e+38 -3.4e+38 -3.4e+38 -3.4e+38 -3.4e+38 -3.4e+38 -3.4e+38 -3.4e+38 -3.4e+38 -3.4e+38 -3.4e+38 -3.4e+38 -3.4e+38 -3.4e+38 -3.4e+38 144.444442749023 142.111114501953 149.111114501953 143 141.66667175293 144.555557250977 143.777770996094 145.888885498047 145 146.555557250977 144.888885498047 144.888885498047 143.555557250977 146.888885498047 147.444442749023 152.111114501953 148.555557250977 149.111114501953 148 144.66667175293 144.555557250977 149.222229003906 146.444442749023 146.33332824707 146.66667175293 145.888885498047 144.111114501953 139 140.555557250977 145.66667175293 145.555557250977 142 139 141.777770996094 140.777770996094 139.555557250977 140.66667175293
-3.4e+38 -3.4e+38 -3.4e+38 -3.4e+38 -3.4e+38 -3.4e+38 -3.4e+38 -3.4e+38 -3.4e+38 -3.4e+38 -3.4e+38 -3.4e+38 -3.4e+38 -3.4e+38 -3.4e+38 -3.4e+38 -3.4e+38 -3.4e+38 142.888885498047 140.555557250977 143.777770996094 142.555557250977 139.777770996094 140.33332824707 145.33332824707 148.33332824707 146.444442749023 146.444442749023 143.66667175293 144 144.66667175293 146.444442749023 147.888885498047 150.222229003906 148.66667175293 148.33332824707 147.222229003906 146.555557250977 146.555557250977 144.888885498047 143.777770996094 143.66667175293 145.888885498047 145.444442749023 142.555557250977 137.66667175293 143 144.888885498047 141.66667175293 141.33332824707 136.777770996094 141.66667175293 138.66667175293 137.777770996094 138
-3.4e+38 -3.4e+38 -3.4e+38 -3.4e+38 -3.4e+38 -3.4e+38 -3.4e+38 -3.4e+38 -3.4e+38 -3.4e+38 -3.4e+38 -3.4e+38 -3.4e+38 -3.4e+38 -3.4e+38 -3.4e+38 -3.4e+38 -3.4e+38 141.33332824707 140.222229003906 139.222229003906 140.777770996094 139.33332824707 141 144.444442749023 147.777770996094 150.777770996094 150.777770996094 150.33332824707 146.555557250977 145.444442749023 146.888885498047 148.66667175293 149 148.888885498047 148.888885498047 148 148.66667175293 148.111114501953 144.555557250977 144.33332824707 144.555557250977 141.888885498047 139.777770996094 138.111114501953 137 141 141 138.777770996094 136.777770996094 136.777770996094 135.777770996094 137.222229003906 137.555557250977 137.888885498047
-3.4e+38 -3.4e+38 -3.4e+38 -3.4e+38 -3.4e+38 -3.4e+38 -3.4e+38 -3.4e+38 -3.4e+38 -3.4e+38 -3.4e+38 -3.4e+38 -3.4e+38 -3.4e+38 -3.4e+38 -3.4e+38 -3.4e+38 143.777770996094 141.555557250977 140 139.66667175293 137.222229003906 138.111114501953 140.777770996094 141.888885498047 142.444442749023 146.111114501953 149.777770996094 150.555557250977 146.555557250977 144.111114501953 146.888885498047 148.222229003906 150.555557250977 149 148.888885498047 148.777770996094 147.555557250977 147.444442749023 146.33332824707 144.222229003906 144.555557250977 141.66667175293 141.33332824707 139.444442749023 133.777770996094 136.222229003906 139.444442749023 135.222229003906 134.111114501953 134.888885498047 135.444442749023 138 138.777770996094 141.444442749023
-3.4e+38 -3.4e+38 -3.4e+38 -3.4e+38 -3.4e+38 -3.4e+38 -3.4e+38 -3.4e+38 -3.4e+38 -3.4e+38 -3.4e+38 -3.4e+38 -3.4e+38 -3.4e+38 -3.4e+38 -3.4e+38 -3.4e+38 -3.4e+38 142.444442749023 142.555557250977 143.888885498047 136 132.111114501953 138.33332824707 141.111114501953 139.111114501953 143.444442749023 146.555557250977 145.555557250977 143.888885498047 145.66667175293 145.66667175293 148.111114501953 150.33332824707 150.777770996094 149.888885498047 149 147.111114501953 147.444442749023 146.222229003906 144.33332824707 144.222229003906 143 142.555557250977 144.888885498047 142.888885498047 136.555557250977 135 134.222229003906 140.111114501953 143.66667175293 142.555557250977 142.888885498047 140.222229003906 140.777770996094
-3.4e+38 -3.4e+38 -3.4e+38 -3.4e+38 -3.4e+38 -3.4e+38 -3.4e+38 -3.4e+38 -3.4e+38 -3.4e+38 -3.4e+38 -3.4e+38 -3.4e+38 -3.4e+38 -3.4e+38 -3.4e+38 -3.4e+38 -3.4e+38 140.111114501953 144.33332824707 142 137.222229003906 137 132.111114501953 134.111114501953 137.444442749023 142.444442749023 143.777770996094 142.33332824707 143.777770996094 145.66667175293 148.777770996094 147.111114501953 150.444442749023 150.555557250977 150.777770996094 149.66667175293 148.33332824707 146.555557250977 147.66667175293 147.888885498047 148.777770996094 147.444442749023 143.888885498047 144 143.444442749023 138.555557250977 136 134.222229003906 134.33332824707 139.33332824707 139.777770996094 140.66667175293 144.111114501953 143.66667175293
-3.4e+38 -3.4e+38 -3.4e+38 -3.4e+38 -3.4e+38 -3.4e+38 -3.4e+38 -3.4e+38 -3.4e+38 -3.4e+38 -3.4e+38 -3.4e+38 -3.4e+38 -3.4e+38 -3.4e+38 -3.4e+38 -3.4e+38 -3.4e+38 142.66667175293 144.33332824707 143.777770996094 141 136.111114501953 135.66667175293 135.444442749023 134.33332824707 140.222229003906 141 141.111114501953 150.222229003906 148.66667175293 151.888885498047 151.888885498047 150.444442749023 153.222229003906 152 149.777770996094 151.777770996094 151.555557250977 151.33332824707 150.555557250977 147.222229003906 144.222229003906 143.555557250977 144.444442749023 143.888885498047 143 141.777770996094 137.777770996094 131.33332824707 134 134.222229003906 139.888885498047 141.888885498047 139.888885498047
-3.4e+38 -3.4e+38 -3.4e+38 -3.4e+38 -3.4e+38 -3.4e+38 -3.4e+38 -3.4e+38 -3.4e+38 -3.4e+38 -3.4e+38 -3.4e+38 -3.4e+38 -3.4e+38 -3.4e+38 -3.4e+38 -3.4e+38 -3.4e+38 134.66667175293 139.33332824707 143.888885498047 145 144.33332824707 139.66667175293 138.222229003906 136.33332824707 139.777770996094 141.222229003906 145.888885498047 146.555557250977 150.444442749023 150 151.33332824707 152.777770996094 152.777770996094 150.66667175293 151.555557250977 150.888885498047 151.66667175293 148 146.888885498047 145.555557250977 147.66667175293 147.555557250977 147.33332824707 146.66667175293 146.111114501953 144.444442749023 141.888885498047 134.66667175293 133.66667175293 138.555557250977 140.66667175293 139.444442749023 135.33332824707
-3.4e+38 -3.4e+38 -3.4e+38 -3.4e+38 -3.4e+38 -3.4e+38 -3.4e+38 -3.4e+38 -3.4e+38 -3.4e+38 -3.4e+38 -3.4e+38 -3.4e+38 -3.4e+38 -3.4e+38 -3.4e+38 -3.4e+38 137.66667175293 137.111114501953 138.888885498047 143.777770996094 143.222229003906 144.222229003906 145.444442749023 144 142 139.555557250977 139.777770996094 142 144.888885498047 143.555557250977 147.444442749023 150.777770996094 154.111114501953 156.33332824707 154.111114501953 151.33332824707 151.888885498047 152.111114501953 151 147.888885498047 148.111114501953 145.222229003906 145.555557250977 143.111114501953 142.777770996094 138.222229003906 137.66667175293 135.33332824707 134.111114501953 133.33332824707 135.111114501953 137.444442749023 134.222229003906 133.444442749023
-3.4e+38 -3.4e+38 -3.4e+38 -3.4e+38 -3.4e+38 -3.4e+38 -3.4e+38 -3.4e+38 -3.4e+38 -3.4e+38 -3.4e+38 -3.4e+38 -3.4e+38 -3.4e+38 -3.4e+38 -3.4e+38 -3.4e+38 138.777770996094 135.33332824707 145.111114501953 148 141.888885498047 145.777770996094 149.33332824707 144.555557250977 141.111114501953 139.888885498047 136.555557250977 137.555557250977 142 146.111114501953 148.111114501953 148.66667175293 151.66667175293 155 156.555557250977 151.222229003906 150.111114501953 150.555557250977 150.111114501953 150.888885498047 148.111114501953 149.111114501953 146.222229003906 145.33332824707 143.222229003906 137.777770996094 137.888885498047 137 132 131.555557250977 134.555557250977 134.888885498047 134.222229003906 133.555557250977
-3.4e+38 -3.4e+38 -3.4e+38 -3.4e+38 -3.4e+38 -3.4e+38 -3.4e+38 -3.4e+38 -3.4e+38 -3.4e+38 -3.4e+38 -3.4e+38 -3.4e+38 -3.4e+38 -3.4e+38 -3.4e+38 139.777770996094 138.444442749023 134.33332824707 146.555557250977 151.33332824707 157.222229003906 162.222229003906 156.555557250977 155.111114501953 138.33332824707 138.444442749023 142.222229003906 142.222229003906 140.222229003906 140.444442749023 142.222229003906 144 147.66667175293 154.222229003906 154.777770996094 152.888885498047 154 154.555557250977 154.777770996094 153.444442749023 149.777770996094 148.33332824707 145.222229003906 145.888885498047 142.777770996094 140.777770996094 137.66667175293 134.222229003906 133.66667175293 132 132.555557250977 133.444442749023 134 133.555557250977
-3.4e+38 -3.4e+38 -3.4e+38 -3.4e+38 -3.4e+38 -3.4e+38 -3.4e+38 -3.4e+38 -3.4e+38 -3.4e+38 -3.4e+38 -3.4e+38 -3.4e+38 -3.4e+38 -3.4e+38 -3.4e+38 150.66667175293 141.111114501953 142 147.111114501953 143.888885498047 142.33332824707 142.33332824707 137.888885498047 134 134.444442749023 137.777770996094 139.888885498047 137.888885498047 137.222229003906 136.777770996094 143.777770996094 144.111114501953 147.66667175293 149.777770996094 149.777770996094 149 152.777770996094 155.555557250977 155.111114501953 151.111114501953 148.888885498047 146.888885498047 150.222229003906 149.444442749023 147.66667175293 142.888885498047 139.222229003906 133.33332824707 132 130.111114501953 132 131.888885498047 131.111114501953 132.111114501953
-3.4e+38 -3.4e+38 -3.4e+38 -3.4e+38 -3.4e+38 -3.4e+38 -3.4e+38 -3.4e+38 -3.4e+38 -3.4e+38 -3.4e+38 -3.4e+38 -3.4e+38 -3.4e+38 -3.4e+38 -3.4e+38 172.33332824707 142.444442749023 140.444442749023 135.111114501953 136.222229003906 131.66667175293 130.111114501953 129.222229003906 128.66667175293 132.888885498047 132.33332824707 132.33332824707 132.555557250977 133.444442749023 133.111114501953 137.555557250977 141.66667175293 145.555557250977 144.66667175293 143.444442749023 144.888885498047 147.555557250977 152.66667175293 155.66667175293 153.111114501953 148.111114501953 148.444442749023 149.555557250977 146.222229003906 146.33332824707 143.111114501953 139.222229003906 132.888885498047 131.111114501953 131 132 132.111114501953 131.111114501953 -3.4e+38
-3.4e+38 -3.4e+38 -3.4e+38 -3.4e+38 -3.4e+38 -3.4e+38 -3.4e+38 -3.4e+38 -3.4e+38 -3.4e+38 -3.4e+38 -3.4e+38 -3.4e+38 -3.4e+38 -3.4e+38 174.888885498047 170.444442749023 142 134.111114501953 134.222229003906 131.111114501953 129.66667175293 128.777770996094 129.222229003906 130.777770996094 129.33332824707 130.222229003906 131 131.111114501953 131.66667175293 130.444442749023 133.33332824707 132 137.222229003906 141.66667175293 141.555557250977 144.888885498047 144.222229003906 149.33332824707 148.222229003906 148.222229003906 146.888885498047 144.222229003906 140 138.222229003906 135 132.33332824707 133.222229003906 131.222229003906 131.111114501953 131.33332824707 129.66667175293 129.444442749023 -3.4e+38 -3.4e+38
-3.4e+38 -3.4e+38 -3.4e+38 -3.4e+38 -3.4e+38 -3.4e+38 -3.4e+38 -3.4e+38 -3.4e+38 -3.4e+38 -3.4e+38 -3.4e+38 -3.4e+38 -3.4e+38 -3.4e+38 201.33332824707 178 162.555557250977 134.888885498047 129.111114501953 126.222221374512 124.777778625488 123.666664123535 129.777770996094 128 130.444442749023 128.888885498047 131.66667175293 129 130.888885498047 132 132.222229003906 133.33332824707 137.66667175293 138.777770996094 140.111114501953 143.444442749023 145.888885498047 147.888885498047 145.33332824707 144.555557250977 141.33332824707 141.33332824707 137.222229003906 133.66667175293 130.66667175293 130.888885498047 -3.4e+38 -3.4e+38 -3.4e+38 -3.4e+38 -3.4e+38 -3.4e+38 -3.4e+38 -3.4e+38
-3.4e+38 -3.4e+38 -3.4e+38 -3.4e+38 -3.4e+38 -3.4e+38 -3.4e+38 -3.4e+38 -3.4e+38 -3.4e+38 -3.4e+38 -3.4e+38 -3.4e+38 -3.4e+38 233 224.66667175293 184.777770996094 165.777770996094 128.66667175293 129 124.777778625488 -3.4e+38 -3.4e+38 -3.4e+38 -3.4e+38 130.777770996094 128.777770996094 129.33332824707 128.444442749023 131.222229003906 132.111114501953 130.33332824707 129.33332824707 130.66667175293 132.777770996094 132.777770996094 135.444442749023 139.444442749023 140.777770996094 140.33332824707 143.555557250977 141 136.444442749023 133.555557250977 131.66667175293 -3.4e+38 -3.4e+38 -3.4e+38 -3.4e+38 -3.4e+38 -3.4e+38 -3.4e+38 -3.4e+38 -3.4e+38 -3.4e+38
