mean_LGM.asc
NCOLS 429 
NROWS 360 
XLLCORNER -9.666666667 
YLLCORNER 36.083333333 
CELLSIZE 0.0416666666666667 
NODATA_value -3.4e+38 
[rows 240 to 263 of 360, columns 165 to 219 of 429]
525.666687011719 599.666687011719 599.333312988281 576 597.666687011719 584 581.666687011719 573.333312988281 573 561 572 566.333312988281 563 551.666687011719 557 548.333312988281 546 344.333343505859 341.333343505859 223 212.66667175293 216 205.66667175293 207 201.66667175293 205.33332824707 200 201.66667175293 196.33332824707 192.66667175293 184.33332824707 191 187.66667175293 204 187.33332824707 178.33332824707 174 176.66667175293 175 165.66667175293 161.33332824707 176 177 186.33332824707 184.66667175293 195.33332824707 195.33332824707 194 196.66667175293 191.33332824707 190.33332824707 191.33332824707 195.66667175293 -3.4e+38 -3.4e+38
391.333343505859 533.666687011719 560.666687011719 597.666687011719 593 584.666687011719 581.666687011719 572.666687011719 567.666687011719 575.666687011719 560 566.333312988281 564.333312988281 561 554 544.666687011719 539.333312988281 535 210.33332824707 221 212.33332824707 209 207 208.66667175293 202.66667175293 201.33332824707 200.33332824707 200.66667175293 196.33332824707 193.66667175293 194 185.33332824707 190.66667175293 182.33332824707 194.33332824707 182 177 177.33332824707 169.66667175293 160 160.33332824707 161.66667175293 170.33332824707 176.33332824707 186.33332824707 188.33332824707 187.33332824707 195 198 190.33332824707 193 193 -3.4e+38 -3.4e+38 193.33332824707
411 458 604.666687011719 605.666687011719 604 586.666687011719 598 585 588.666687011719 565 563 561 560.666687011719 556 559.333312988281 547 545.333312988281 535 399 221.66667175293 212.33332824707 203.33332824707 202 205 200.33332824707 202 202.33332824707 201.33332824707 196 195.66667175293 191 185.66667175293 189.66667175293 182.66667175293 182.66667175293 198.33332824707 184.66667175293 178 168 160.66667175293 153.33332824707 158.66667175293 158.66667175293 169.66667175293 174.33332824707 178 183.33332824707 184.66667175293 194.33332824707 192.33332824707 192.33332824707 193.66667175293 193.33332824707 194 190.33332824707
527 564.333312988281 605.666687011719 608 606.333312988281 600 598.333312988281 589.666687011719 575 578.666687011719 574.666687011719 580.333312988281 552.333312988281 552 549.666687011719 554.333312988281 548.333312988281 407.333343505859 401.666656494141 215 212.33332824707 211 204.33332824707 203 197 203.66667175293 204 200 198.66667175293 193.66667175293 192.33332824707 187 187.66667175293 189 182.33332824707 187 188.66667175293 178.33332824707 175.66667175293 174.66667175293 166.66667175293 165.66667175293 158.33332824707 169.66667175293 178 175 182 182.33332824707 188 194 193 195 189 194 188.33332824707
587 586.666687011719 587 599.333312988281 600.666687011719 601 589 596.666687011719 578 567 564 581 576 554.666687011719 549 545.333312988281 540 539 409 217 213 207.66667175293 202.66667175293 208.33332824707 205.66667175293 202 203.66667175293 201.66667175293 195.66667175293 194.66667175293 193 188 187.33332824707 184.66667175293 183.33332824707 189 186.33332824707 181.33332824707 173.66667175293 177.66667175293 171.33332824707 161.33332824707 170 168.66667175293 175 161 174.66667175293 176.33332824707 183.33332824707 194 192.66667175293 191.33332824707 195 190.33332824707 190
567.666687011719 534 537.333312988281 545.666687011719 578.333312988281 574.666687011719 589.333312988281 585.333312988281 582.333312988281 573 575 552.333312988281 565.666687011719 554.333312988281 550.666687011719 547 407.666656494141 406.333343505859 405 209.33332824707 211 204.66667175293 205.33332824707 203.66667175293 210 198.66667175293 201 199.66667175293 195.33332824707 192.66667175293 192.33332824707 192.33332824707 188.66667175293 189.66667175293 198.33332824707 188.66667175293 184 181 175 174 172.33332824707 162.66667175293 168.33332824707 171.33332824707 180.33332824707 179.66667175293 178.66667175293 178.66667175293 187 185.33332824707 180.66667175293 186 189.33332824707 179 181.66667175293
495.666656494141 386.666656494141 413 483.666656494141 561.333312988281 592 602 581 594.666687011719 589 557 546.333312988281 579.666687011719 563.333312988281 551 546.333312988281 409.666656494141 417.333343505859 216.66667175293 215.33332824707 212.33332824707 212.33332824707 204.33332824707 208.33332824707 203.66667175293 202 204.66667175293 200.33332824707 193.33332824707 194.33332824707 192.33332824707 188.33332824707 189 184.66667175293 196.66667175293 185.66667175293 182.33332824707 172 163.66667175293 168.66667175293 161.33332824707 166.66667175293 167.66667175293 166.66667175293 168 170.66667175293 176.66667175293 176.33332824707 183.66667175293 177.33332824707 178.33332824707 178 179 174 180.66667175293
537 522.666687011719 523.333312988281 395.333343505859 442.666656494141 541 574 589 571 482.666656494141 577.666687011719 573.666687011719 581.666687011719 551.333312988281 553 551 412.666656494141 407 224 222.33332824707 222 218.33332824707 205.33332824707 209 207.33332824707 203.66667175293 200.33332824707 200.33332824707 195 190 191 188 198.33332824707 188 198 183.33332824707 174 163.66667175293 159.33332824707 166 167 167 159 164.33332824707 160.66667175293 155 154.33332824707 161 158.33332824707 158 154.33332824707 154 163 163.33332824707 163.33332824707
568.333312988281 449 388 391.333343505859 400.333343505859 375.666656494141 392.666656494141 395.333343505859 410 384 580.666687011719 570.666687011719 569.333312988281 566 562.666687011719 555.666687011719 553.333312988281 409 408.666656494141 397 211 221.33332824707 385.333343505859 217 202 191 201 193.33332824707 195.33332824707 175.33332824707 185.33332824707 192.33332824707 193.66667175293 199 194.33332824707 184 169.66667175293 169.33332824707 167 167.33332824707 168.66667175293 165 167.33332824707 160.66667175293 154.33332824707 161 157.33332824707 158.33332824707 160 164.33332824707 166.66667175293 159.66667175293 158.33332824707 159.66667175293 160
590 386 403.666656494141 400.666656494141 251.66667175293 398 387.666656494141 380 567.666687011719 566.666687011719 571.666687011719 572.666687011719 574.666687011719 566 563 563.333312988281 550.333312988281 410.333343505859 406 400.333343505859 399.666656494141 221.33332824707 226.33332824707 197.33332824707 192.33332824707 195.66667175293 194.33332824707 197 193.66667175293 190.66667175293 180.33332824707 186.33332824707 190.33332824707 196 192.33332824707 189 184.33332824707 169.66667175293 164.33332824707 175.66667175293 175.33332824707 175.33332824707 174.66667175293 167.66667175293 165.66667175293 161.66667175293 156 165.33332824707 163 165.33332824707 165 173.33332824707 173.66667175293 180 181.66667175293
553.666687011719 423 382 375.333343505859 404.666656494141 438.666656494141 473.333343505859 594 589 584 573.666687011719 573 575 566.666687011719 561.333312988281 560 555 415.333343505859 411.666656494141 402.333343505859 404 396 393 214.33332824707 217 223 222 203.33332824707 198.33332824707 195.33332824707 193.66667175293 181.33332824707 179.66667175293 189.66667175293 191.66667175293 188.66667175293 187 174 161.66667175293 167 175 173 171.66667175293 168.33332824707 175 165 166.33332824707 154.66667175293 160.33332824707 154 152.33332824707 159 162.33332824707 162.33332824707 163.66667175293
554.333312988281 261.666656494141 414 542.666687011719 551.666687011719 584 587.333312988281 597.333312988281 601 587 596 586.333312988281 574 570.333312988281 569 562.333312988281 559 422.333343505859 416 413 407.666656494141 401.666656494141 393.333343505859 379.666656494141 378 386.333343505859 223 204 198.33332824707 185.33332824707 184 186.33332824707 179.66667175293 188.33332824707 196 197 191.33332824707 186.33332824707 162.33332824707 170.33332824707 175.66667175293 178 178.33332824707 175.33332824707 167.66667175293 159.66667175293 156 160.33332824707 159.66667175293 152 154 159 159 154 148
484 253.66667175293 253 410.666656494141 452 551 579 479.333343505859 570.666687011719 534 460 557 562.333312988281 548.333312988281 574.333312988281 565 557.666687011719 554.333312988281 418 407 396.333343505859 390.666656494141 401.666656494141 397 402 380.333343505859 397.333343505859 198.66667175293 202.33332824707 198.33332824707 201 194 184 184.33332824707 185.33332824707 188 194.33332824707 187.66667175293 176 173.66667175293 169.33332824707 184 183.33332824707 176 164 140.33332824707 151.66667175293 154 158.66667175293 154.33332824707 156.33332824707 150.66667175293 155 154.33332824707 151
378.666656494141 245 425.666656494141 432 512.666687011719 407.666656494141 371.333343505859 400 523 420.666656494141 378.333343505859 358.666656494141 565.333312988281 567 572.666687011719 570.333312988281 561.333312988281 554.666687011719 420.666656494141 412 399 404.333343505859 396 396.666656494141 396.666656494141 392.666656494141 419 386 234.66667175293 209.66667175293 195.33332824707 186.33332824707 187.66667175293 184.33332824707 192 196.33332824707 187.66667175293 185.66667175293 177.33332824707 169.33332824707 170.33332824707 179.33332824707 184 174.66667175293 165 148 153.33332824707 153.66667175293 152.33332824707 157.66667175293 159 154.33332824707 146 154.33332824707 151
245.33332824707 255 381 424.333343505859 258 250 372.333343505859 403 397 388.666656494141 358.666656494141 452.666656494141 593.666687011719 556.333312988281 582.666687011719 563.333312988281 563.666687011719 554 554.333312988281 419.333343505859 411.333343505859 400.666656494141 396.666656494141 397.666656494141 393.666656494141 395.666656494141 398.333343505859 396.666656494141 393.333343505859 265.666656494141 191.33332824707 187.33332824707 186 184 192.66667175293 200 189.33332824707 184.33332824707 179.66667175293 185 177 180 184.66667175293 168.66667175293 154.33332824707 160 151.66667175293 154.66667175293 160 153.66667175293 154.66667175293 138.66667175293 298 269.666656494141 151.66667175293
402.333343505859 247.66667175293 248.33332824707 254.33332824707 256.333343505859 257 388.333343505859 389 383.333343505859 346.666656494141 354.333343505859 386.666656494141 569.333312988281 446.333343505859 578.333312988281 572 563 557.666687011719 554.333312988281 542.666687011719 414.666656494141 404.333343505859 399.333343505859 397.333343505859 397 404 387.666656494141 391.666656494141 209.33332824707 196.66667175293 193.33332824707 196.33332824707 194.66667175293 199 197.66667175293 187 194.66667175293 185 186 184 182.33332824707 183.66667175293 177.33332824707 167.33332824707 170.33332824707 159.33332824707 160 158.33332824707 146 159 209 243.66667175293 295 294.333343505859 238.66667175293
248 243.66667175293 378 383.333343505859 421.666656494141 412 384.333343505859 395.666656494141 388.666656494141 423.666656494141 417 361.666656494141 552 548.333312988281 560.666687011719 554 567.666687011719 566 562.333312988281 550.666687011719 525.666687011719 407.333343505859 408 395 397.333343505859 399 392 381 198 201.66667175293 191.33332824707 198.66667175293 189.66667175293 187.33332824707 196 186.33332824707 196.33332824707 185 190.33332824707 189.66667175293 191.33332824707 185.66667175293 170.66667175293 167 160.66667175293 162.33332824707 158 157.66667175293 149.33332824707 156.66667175293 193.33332824707 295.666656494141 327 297.333343505859 286.666656494141
405 247.66667175293 348 381.666656494141 442 480 459.333343505859 409.333343505859 330.666656494141 379 465.666656494141 416 463.333343505859 453.666656494141 453 520.333312988281 581.666687011719 566.666687011719 550 533.666687011719 546 404.333343505859 394.333343505859 401.666656494141 413 387 398 376.666656494141 213.33332824707 200 192.33332824707 190.66667175293 193 195.33332824707 190 196.33332824707 190 187.33332824707 193 190 191.33332824707 184.33332824707 183.66667175293 176 167.66667175293 165.33332824707 165 169.33332824707 159.33332824707 157.33332824707 158.33332824707 256.666656494141 274.333343505859 151.33332824707 242.66667175293
398.333343505859 346.333343505859 350.333343505859 265.666656494141 406 441.666656494141 496 428.666656494141 356.666656494141 396.333343505859 491 483.666656494141 485.666656494141 527 480.333343505859 587.666687011719 588.333312988281 570.666687011719 553 531.666687011719 517 410.666656494141 407.666656494141 388.333343505859 397 406.333343505859 396.666656494141 385.333343505859 385 374 202 192.33332824707 194 186.33332824707 182.66667175293 185 196.66667175293 189.66667175293 191 192.66667175293 189 191.66667175293 182 170.33332824707 165.33332824707 173 176.33332824707 173.33332824707 168.33332824707 158.33332824707 159 152 156 153 153.33332824707
398.666656494141 388.333343505859 389.666656494141 419 411.333343505859 395 430.666656494141 398.666656494141 429.333343505859 471 494 472.666656494141 557 606 576 546 566.333312988281 573 564 548.666687011719 537 400.333343505859 395.333343505859 393.666656494141 392.666656494141 395.333343505859 394.666656494141 391.666656494141 379.333343505859 373 204 208.66667175293 185.66667175293 184.33332824707 186 185.66667175293 192.66667175293 192 188.66667175293 194 191.66667175293 188.66667175293 167.66667175293 170.66667175293 176.33332824707 181.66667175293 181.66667175293 181.66667175293 180.66667175293 172 159.33332824707 153 156 153.33332824707 157.33332824707
416.333343505859 411 418 458.333343505859 444.666656494141 442.666656494141 351.333343505859 347.666656494141 375.333343505859 374 426 457 602.666687011719 576 561 560 551.666687011719 583.333312988281 563.333312988281 563 553.666687011719 544.666687011719 402.666656494141 405 398 388.333343505859 397 393 382.333343505859 366.333343505859 199.66667175293 360.666656494141 367.333343505859 186.33332824707 191 185.33332824707 196.33332824707 192 196.66667175293 190.33332824707 191 185.66667175293 169 173.33332824707 181 184 191.66667175293 188 185.66667175293 184 176.33332824707 171 167.66667175293 152.33332824707 153.66667175293
415.666656494141 408.666656494141 405.666656494141 447.333343505859 469 451.666656494141 392 472.666656494141 471.666656494141 474.333343505859 438 509 550 581.666687011719 588 478.666656494141 567.333312988281 578 564.666687011719 558.666687011719 560.333312988281 546.666687011719 403.333343505859 404.333343505859 406.333343505859 386.333343505859 388.333343505859 381.333343505859 375.333343505859 366.666656494141 196 362.666656494141 196.33332824707 196 200 198.33332824707 202.33332824707 193.33332824707 196.33332824707 191.33332824707 190 184 173.33332824707 167.33332824707 176.66667175293 182.66667175293 192.33332824707 191.66667175293 190.66667175293 183.33332824707 185.33332824707 183.66667175293 183.33332824707 184 179
403.333343505859 415.666656494141 426 395.333343505859 452.333343505859 372 407 406 473 514.666687011719 513.666687011719 571.333312988281 506 502.666656494141 573.333312988281 481 566.666687011719 562.333312988281 556 562 555 416.333343505859 399 389.666656494141 393.333343505859 389.666656494141 387 381 373 368.666656494141 195.33332824707 194 196.33332824707 191.33332824707 200.66667175293 202.66667175293 206.66667175293 209 201 191.66667175293 180.33332824707 175 163 172.66667175293 167 174.66667175293 182.66667175293 190.33332824707 198 189.66667175293 200 194 196 188.66667175293 188.66667175293
422 438 439.333343505859 475 546.333312988281 512.666687011719 542 479 501 573 610.666687011719 585.666687011719 507.333343505859 459.666656494141 493.333343505859 544.333312988281 583.666687011719 574.666687011719 580.666687011719 569.666687011719 543 540 412.333343505859 397.333343505859 400 386.333343505859 400.666656494141 396.666656494141 374.666656494141 380.333343505859 202.66667175293 366.666656494141 194.33332824707 195.33332824707 199.33332824707 202.66667175293 214 201.66667175293 200.33332824707 199.66667175293 176.66667175293 167.33332824707 384 213.66667175293 169.33332824707 165.66667175293 178.66667175293 187.66667175293 188.33332824707 189.33332824707 186 189.33332824707 201 198 203.66667175293
