mean_LGM.asc
NCOLS 429 
NROWS 360 
XLLCORNER -9.666666667 
YLLCORNER 36.083333333 
CELLSIZE 0.0416666666666667 
NODATA_value -3.4e+38 
[rows 240 to 263 of 360, columns 0 to 54 of 429]
-3.4e+38 -3.4e+38 -3.4e+38 -3.4e+38 -3.4e+38 -3.4e+38 -3.4e+38 -3.4e+38 -3.4e+38 -3.4e+38 -3.4e+38 138.66667175293 135.66667175293 136.66667175293 167.66667175293 164.66667175293 168 168 168.33332824707 165.66667175293 165.66667175293 166.66667175293 168.66667175293 169.33332824707 152.33332824707 150.33332824707 150 152 163.66667175293 164.33332824707 164.33332824707 157 162 166.33332824707 164.66667175293 143.66667175293 151 148.66667175293 163.33332824707 144 142.33332824707 125 131.66667175293 137.66667175293 144 164 157 156.66667175293 158.33332824707 156.33332824707 164.66667175293 175 177 185 186
-3.4e+38 -3.4e+38 -3.4e+38 -3.4e+38 -3.4e+38 -3.4e+38 -3.4e+38 -3.4e+38 -3.4e+38 -3.4e+38 -3.4e+38 141 139 138.66667175293 141.33332824707 140.33332824707 168.33332824707 168.33332824707 166.66667175293 168 167 167.66667175293 171.33332824707 175 164.33332824707 155.33332824707 153 150.66667175293 159.33332824707 166.66667175293 156.33332824707 161 155 161 165.66667175293 141.66667175293 137 115.666664123535 130 125.333335876465 115.333335876465 122 117.333335876465 136.66667175293 136.33332824707 155 153 148.66667175293 161.66667175293 170.66667175293 167.33332824707 178.66667175293 176.66667175293 198.33332824707 183.33332824707
-3.4e+38 -3.4e+38 -3.4e+38 -3.4e+38 -3.4e+38 -3.4e+38 -3.4e+38 -3.4e+38 -3.4e+38 -3.4e+38 -3.4e+38 142 141.33332824707 141 140.33332824707 140 138.33332824707 136.33332824707 170.66667175293 168 168 168.66667175293 170 176 167 154.66667175293 159 156.66667175293 158.33332824707 154.66667175293 150.66667175293 166.66667175293 161.33332824707 149 152.66667175293 161 141.66667175293 118.333335876465 110 130.33332824707 212 133.66667175293 139 122.333335876465 136 145 143.33332824707 134.33332824707 165 173.33332824707 169.66667175293 181.66667175293 177.33332824707 170 184.33332824707
-3.4e+38 -3.4e+38 -3.4e+38 -3.4e+38 -3.4e+38 -3.4e+38 -3.4e+38 -3.4e+38 -3.4e+38 -3.4e+38 -3.4e+38 145.66667175293 143.33332824707 143.33332824707 141 140.33332824707 137.66667175293 137.33332824707 137.66667175293 137 169 169.33332824707 174 175 170.33332824707 163.33332824707 162.66667175293 157.33332824707 153.33332824707 153.66667175293 138 154 156.33332824707 157.33332824707 143 160.66667175293 150 156 147 135 147 127.333335876465 134.66667175293 135.66667175293 138.33332824707 140 130.66667175293 145.66667175293 147.33332824707 153 174 179 176 166 183
-3.4e+38 -3.4e+38 -3.4e+38 -3.4e+38 -3.4e+38 -3.4e+38 -3.4e+38 -3.4e+38 -3.4e+38 -3.4e+38 -3.4e+38 142.66667175293 139.66667175293 140.66667175293 138.33332824707 137 137.33332824707 137.33332824707 137.66667175293 169 169.33332824707 173 172 171.66667175293 169 168.33332824707 159 158 161 152.66667175293 137.33332824707 143.66667175293 137 140 132 147.33332824707 147.33332824707 146.33332824707 146 148.66667175293 143.33332824707 147.33332824707 156 146.66667175293 135 144.66667175293 145.33332824707 148.66667175293 150.33332824707 145 163.66667175293 168.33332824707 162.33332824707 170.33332824707 179.33332824707
-3.4e+38 -3.4e+38 -3.4e+38 -3.4e+38 -3.4e+38 -3.4e+38 -3.4e+38 -3.4e+38 -3.4e+38 -3.4e+38 -3.4e+38 145.66667175293 140 139 137.66667175293 137.33332824707 137.33332824707 137.33332824707 137.33332824707 137 171.33332824707 173 178.33332824707 171.66667175293 172 173 172 161 162.33332824707 156.33332824707 158.66667175293 147.33332824707 139 111.666664123535 112.666664123535 120.333335876465 124.333335876465 114.666664123535 139.33332824707 153.66667175293 137.33332824707 152.66667175293 157.66667175293 153 152.33332824707 144 141.66667175293 148 137.33332824707 140.33332824707 148 159.33332824707 163 167.33332824707 170
-3.4e+38 -3.4e+38 -3.4e+38 -3.4e+38 -3.4e+38 -3.4e+38 -3.4e+38 -3.4e+38 -3.4e+38 -3.4e+38 -3.4e+38 141.66667175293 139.66667175293 138.66667175293 138.66667175293 139.66667175293 138.33332824707 138.66667175293 133.33332824707 139 139 176.66667175293 178 176.66667175293 184.33332824707 175.33332824707 177.33332824707 172 167.33332824707 162.33332824707 144.66667175293 127.666664123535 136.66667175293 149.33332824707 140 110.666664123535 129 143.66667175293 159 148 150.66667175293 153 156.66667175293 144 141.66667175293 145.33332824707 142 148.33332824707 153 157.33332824707 152.66667175293 151.33332824707 160.33332824707 161 164.33332824707
-3.4e+38 -3.4e+38 -3.4e+38 -3.4e+38 -3.4e+38 -3.4e+38 -3.4e+38 -3.4e+38 -3.4e+38 -3.4e+38 -3.4e+38 142 140 139.33332824707 139 140 139.66667175293 140 140.66667175293 141 140.66667175293 140.66667175293 177 177.33332824707 180.66667175293 175.66667175293 176.66667175293 170 170 170.33332824707 151.33332824707 134.33332824707 150 170 155.33332824707 143.66667175293 158.66667175293 155.66667175293 166.33332824707 155.66667175293 162.66667175293 156 158 153.66667175293 162.33332824707 162.66667175293 160 166.33332824707 157 157.66667175293 160.66667175293 155 162 157.66667175293 157.33332824707
-3.4e+38 -3.4e+38 -3.4e+38 -3.4e+38 -3.4e+38 -3.4e+38 -3.4e+38 -3.4e+38 -3.4e+38 -3.4e+38 -3.4e+38 142.66667175293 145.66667175293 141.33332824707 142.33332824707 142 140.33332824707 142 143 144 142.66667175293 143 143.66667175293 142.66667175293 139.66667175293 180 182.33332824707 171.66667175293 169 170.66667175293 159 165.33332824707 157 150.66667175293 149.66667175293 156.33332824707 162 168.66667175293 161.66667175293 156.33332824707 149.33332824707 152.66667175293 151 154.33332824707 156.33332824707 163.33332824707 165 165.33332824707 171.33332824707 161 166.33332824707 165.33332824707 158.66667175293 164.66667175293 161.33332824707
-3.4e+38 -3.4e+38 -3.4e+38 -3.4e+38 -3.4e+38 -3.4e+38 -3.4e+38 -3.4e+38 -3.4e+38 -3.4e+38 -3.4e+38 146.33332824707 146.33332824707 146.33332824707 146.66667175293 146.66667175293 147 146 145.33332824707 144.66667175293 142.66667175293 143 144 144 181.33332824707 178.33332824707 182.66667175293 172.33332824707 173 178.33332824707 173 162.33332824707 147 149.66667175293 147.66667175293 147.33332824707 143.33332824707 129 152.33332824707 150.66667175293 151.66667175293 157.66667175293 153.33332824707 154 155.33332824707 158.33332824707 161 169 170.33332824707 169 169.66667175293 157 161.33332824707 176.66667175293 172.33332824707
-3.4e+38 -3.4e+38 -3.4e+38 -3.4e+38 -3.4e+38 -3.4e+38 -3.4e+38 -3.4e+38 -3.4e+38 -3.4e+38 149 147.33332824707 146 146 145.66667175293 146.33332824707 145.33332824707 146.66667175293 146 145 143.33332824707 143 144.33332824707 142.66667175293 174.66667175293 180.66667175293 180.66667175293 181 180.33332824707 181 175.66667175293 163.33332824707 163.66667175293 154.66667175293 149 131.33332824707 124 126.666664123535 149 158.66667175293 152 151 161.66667175293 165.33332824707 165.33332824707 159 168 163 159.66667175293 153.66667175293 154.66667175293 158.33332824707 170.33332824707 177.66667175293 177.66667175293
-3.4e+38 -3.4e+38 -3.4e+38 -3.4e+38 -3.4e+38 -3.4e+38 -3.4e+38 -3.4e+38 -3.4e+38 -3.4e+38 147.66667175293 147 146 142 146.66667175293 146 145 145.66667175293 146 145.66667175293 139 144 143 143.33332824707 181.33332824707 177 183.66667175293 178 176.66667175293 176.66667175293 179.66667175293 169 152 145.33332824707 137 127.666664123535 127.333335876465 154.66667175293 154.33332824707 160 163.66667175293 155.33332824707 156 170.66667175293 162.33332824707 167.33332824707 163 155 157.33332824707 164.33332824707 167.66667175293 174.33332824707 173.33332824707 164.66667175293 158
-3.4e+38 -3.4e+38 -3.4e+38 -3.4e+38 -3.4e+38 -3.4e+38 -3.4e+38 -3.4e+38 -3.4e+38 148.66667175293 148.66667175293 149.66667175293 148.66667175293 147.66667175293 145.33332824707 146.66667175293 145.66667175293 145.66667175293 146 142 142 139.66667175293 139.33332824707 140 181 178.33332824707 183 178 188.66667175293 179.66667175293 178 173.66667175293 164.66667175293 151.66667175293 125.666664123535 119.666664123535 151.66667175293 165.66667175293 157.66667175293 162 156.66667175293 155.66667175293 168 159.66667175293 164.33332824707 167 169.66667175293 170.66667175293 174.66667175293 179.33332824707 175.33332824707 171 161.66667175293 142 151.66667175293
-3.4e+38 -3.4e+38 -3.4e+38 -3.4e+38 -3.4e+38 -3.4e+38 -3.4e+38 -3.4e+38 -3.4e+38 148.33332824707 149 149.66667175293 150.66667175293 148.33332824707 146.66667175293 147.33332824707 147.66667175293 148 146.66667175293 141 146.66667175293 141.33332824707 140 182 177.66667175293 178.33332824707 178.66667175293 179.66667175293 181.33332824707 186.33332824707 177.33332824707 168.66667175293 162.66667175293 149.66667175293 132 151.66667175293 165 160 160 161.66667175293 161.66667175293 155.33332824707 164 161 167 167.66667175293 167 167.66667175293 165 163.33332824707 157 148.66667175293 128.33332824707 293.333343505859 197.33332824707
-3.4e+38 -3.4e+38 -3.4e+38 -3.4e+38 -3.4e+38 -3.4e+38 -3.4e+38 -3.4e+38 -3.4e+38 149.66667175293 150 149.66667175293 150.33332824707 151 150 150.33332824707 149.33332824707 148.66667175293 149.33332824707 143 141.66667175293 141.66667175293 181 181.66667175293 178 183.33332824707 180.66667175293 185.66667175293 181 177.33332824707 174.66667175293 164.66667175293 152.66667175293 155 151 159.66667175293 170 159.33332824707 163.33332824707 166 165.33332824707 167.66667175293 163 167.33332824707 166.66667175293 173.33332824707 170 158.66667175293 161.66667175293 138.33332824707 153 263.333343505859 159.33332824707 151 135.33332824707
-3.4e+38 -3.4e+38 -3.4e+38 -3.4e+38 -3.4e+38 -3.4e+38 -3.4e+38 -3.4e+38 153.33332824707 153.33332824707 155 156.33332824707 155.33332824707 150.33332824707 147 151.66667175293 151.33332824707 146.33332824707 150.33332824707 143.66667175293 142.66667175293 142.66667175293 142.33332824707 183 184.66667175293 180.33332824707 179.66667175293 181.66667175293 178 176.66667175293 178.33332824707 165 166 168.66667175293 171.33332824707 167 166.66667175293 165.33332824707 162 165.33332824707 164 164 162 166.66667175293 173 169.66667175293 167 155.33332824707 129.33332824707 136 281 153.66667175293 127 134 136.33332824707
-3.4e+38 -3.4e+38 -3.4e+38 -3.4e+38 -3.4e+38 -3.4e+38 -3.4e+38 -3.4e+38 157.66667175293 158 154.66667175293 159 158.66667175293 159 156 151 150.66667175293 151.33332824707 145 145 144 176.33332824707 178.33332824707 183.33332824707 179 179.33332824707 181 177.66667175293 177.33332824707 175.66667175293 175.33332824707 165 165.66667175293 172.33332824707 174 167.66667175293 168.66667175293 166.66667175293 160.33332824707 162.33332824707 166 165.66667175293 167 165.66667175293 165 163 157 114.666664123535 241 221.33332824707 271 120.333335876465 140.66667175293 153 147
-3.4e+38 -3.4e+38 -3.4e+38 -3.4e+38 -3.4e+38 -3.4e+38 -3.4e+38 -3.4e+38 159.33332824707 160 160.33332824707 160.66667175293 157 160.33332824707 160 153.33332824707 156 146.33332824707 146.66667175293 146 145.66667175293 180 184 185 183.66667175293 180.33332824707 179.33332824707 179.33332824707 177 177.66667175293 173 159.33332824707 170.66667175293 173.33332824707 170.33332824707 170.66667175293 171.66667175293 170 168 161.66667175293 166 167.66667175293 157 155.66667175293 163 155.33332824707 135 134.66667175293 203.33332824707 208 259 267.666656494141 139.33332824707 136.33332824707 156.66667175293
-3.4e+38 -3.4e+38 -3.4e+38 -3.4e+38 -3.4e+38 -3.4e+38 -3.4e+38 -3.4e+38 161.33332824707 157 156.33332824707 158.33332824707 168.66667175293 168.66667175293 157 157.33332824707 154 153 147.33332824707 145.66667175293 179.33332824707 183.66667175293 184 180 179.66667175293 176.33332824707 179.66667175293 177.33332824707 173.66667175293 173.66667175293 175.33332824707 172 159 173.66667175293 174.66667175293 170.66667175293 167.33332824707 167.33332824707 160.33332824707 162.66667175293 167.66667175293 161.33332824707 165 165.33332824707 164.66667175293 147.66667175293 134.33332824707 112.333335876465 217 214.66667175293 211.33332824707 281.666656494141 136.66667175293 160 165.66667175293
-3.4e+38 -3.4e+38 -3.4e+38 -3.4e+38 -3.4e+38 -3.4e+38 -3.4e+38 162 161.66667175293 161 158.66667175293 169.66667175293 169.33332824707 169.33332824707 164 161.33332824707 160 152.33332824707 155 180.33332824707 181.33332824707 182.33332824707 185.33332824707 179.66667175293 181.66667175293 180.33332824707 178 178.33332824707 180 175.33332824707 176 156.33332824707 165.33332824707 173.33332824707 172.33332824707 173 169.66667175293 161.66667175293 164.33332824707 163.66667175293 165 166.33332824707 156.33332824707 139.66667175293 133.66667175293 148 146.33332824707 119 111.333335876465 122 113.666664123535 127.666664123535 163 165 167
-3.4e+38 -3.4e+38 -3.4e+38 -3.4e+38 -3.4e+38 -3.4e+38 -3.4e+38 167.33332824707 168.33332824707 159.33332824707 169 169.33332824707 169 164.33332824707 165.33332824707 165.33332824707 162.66667175293 156.33332824707 147 184.66667175293 185 182.33332824707 183.33332824707 183.33332824707 182.66667175293 179.66667175293 180.33332824707 177.66667175293 180.33332824707 176.33332824707 173.33332824707 165.66667175293 167.66667175293 171 167.66667175293 166.33332824707 167.33332824707 165.66667175293 165.33332824707 161 154 147.66667175293 123.333335876465 121.666664123535 116.666664123535 112 125.666664123535 145.33332824707 148.66667175293 149.66667175293 150.66667175293 158 163.33332824707 154.33332824707 161.33332824707
-3.4e+38 -3.4e+38 -3.4e+38 -3.4e+38 -3.4e+38 -3.4e+38 -3.4e+38 169.66667175293 166 166 169 169.66667175293 166 165 164.66667175293 165 164.66667175293 161.66667175293 187.66667175293 183.33332824707 182.66667175293 183.33332824707 186 181 182.33332824707 178.66667175293 176.33332824707 179 176.66667175293 173.66667175293 175.66667175293 168.33332824707 170.33332824707 171.66667175293 166.33332824707 167 166.33332824707 167 162 142.66667175293 131.66667175293 131.33332824707 120 123.333335876465 105 130.33332824707 148.33332824707 154.33332824707 155.33332824707 158 160.66667175293 165 165.33332824707 165 167
-3.4e+38 -3.4e+38 -3.4e+38 -3.4e+38 -3.4e+38 -3.4e+38 -3.4e+38 170 165.66667175293 166 165.66667175293 165.66667175293 166 167.33332824707 165.66667175293 164.66667175293 166 189.33332824707 187.66667175293 184 182 181.66667175293 181.66667175293 179.33332824707 181.66667175293 179 176.33332824707 176.33332824707 177.66667175293 172.66667175293 173 169 172.66667175293 175 172.66667175293 165 157.33332824707 162.33332824707 147.66667175293 148.33332824707 155 142.66667175293 122.666664123535 120.333335876465 122.666664123535 125.333335876465 149.33332824707 163.66667175293 160 154 158 160 164 157.66667175293 164
-3.4e+38 -3.4e+38 -3.4e+38 -3.4e+38 -3.4e+38 -3.4e+38 172.33332824707 171.66667175293 166 166.66667175293 167 169.66667175293 170.33332824707 167.33332824707 166.66667175293 165.66667175293 164.66667175293 166.33332824707 189.33332824707 184 184.66667175293 184 182.66667175293 182.66667175293 183 180 178.66667175293 176.66667175293 178 171.33332824707 169 173 173.33332824707 169.33332824707 158 124 126.333335876465 132.33332824707 129.66667175293 124.666664123535 126.666664123535 127.333335876465 129.33332824707 135.33332824707 147.66667175293 156 161.66667175293 147.66667175293 143.66667175293 151 147.33332824707 127 140.33332824707 155 160.33332824707
