sd_LGM.asc
NCOLS 429 
NROWS 360 
XLLCORNER -9.666666667 
YLLCORNER 36.083333333 
CELLSIZE 0.0416666666666667 
NODATA_value -3.4e+38 
[rows 189 to 209 of 360, columns 240 to 287 of 429]
185.235885620117 186.346450805664 162.678619384766 149.438949584961 154.868759155273 168.512115478516 176.69465637207 158.307723999023 166.626327514648 168.333999633789 167.458450317383 158.799667358398 161.388763427734 158.799667358398 158.222412109375 172.123016357422 174.73503112793 22.3383083343506 123.751091003418 19.139835357666 18.8767929077148 19.3132076263428 167.846160888672 18.3303031921387 18.770544052124 180.233184814453 170.462112426758 173.038528442383 173.038528442383 173.615478515625 168.693008422852 159.732070922852 117.227699279785 139.728302001953 154.37077331543 152.454360961914 176.466232299805 181.753494262695 183.158401489258 163.096084594727 128.642913818359 154.506744384766 195.048706054688 186.341079711914 164.469848632812 200.920379638672 259.5361328125 271.595886230469
155.770126342773 151.741012573242 147.712554931641 138.507522583008 156.596084594727 158.323501586914 133.906677246094 146.158584594727 145.884658813477 153.050094604492 151.295516967773 158.799667358398 143.791519165039 141.761535644531 21.7791957855225 132.502822875977 19.6553630828857 19.2873020172119 19.2959403991699 19.139835357666 19.2873020172119 19.2959403991699 18.770544052124 18.6100330352783 18.3303031921387 17.6918067932129 152.893203735352 17.7857627868652 161.500259399414 168.423080444336 146.192794799805 141.779174804688 142.123184204102 129.214294433594 162.238510131836 158.774475097656 159.060791015625 161.192428588867 160.558395385742 140.400619506836 139.237213134766 139.366424560547 174.619583129883 181.604888916016 169.997055053711 173.782424926758 218.518493652344 262.535705566406
135.485549926758 128.01953125 141.714508056641 144.015045166016 138.507522583008 153.968612670898 158.001052856445 175.540115356445 171.202606201172 158.799667358398 161.388763427734 166.857223510742 154.448486328125 133.367904663086 141.450820922852 21.7791957855225 19.4679222106934 21.1660099029541 19.087516784668 20.2319869995117 19.4679222106934 19.2873020172119 17.9536437988281 18.3393936157227 17.7857627868652 17.7857627868652 17.7857627868652 18.1750736236572 17.7857627868652 18.2300109863281 165.538513183594 154.359970092773 152.053726196289 127.448028564453 124.456153869629 158.48974609375 138.044677734375 141.714508056641 158.578063964844 171.0009765625 131.285949707031 125.047988891602 142.229858398438 169.119293212891 233.508743286133 219.639099121094 233.011444091797 259.501434326172
138.839233398438 149.438949584961 156.097198486328 149.11181640625 148.786193847656 156.541793823242 144.87580871582 142.51432800293 131.87873840332 144.668594360352 166.584320068359 146.379638671875 145.822952270508 138.297988891602 23.3880310058594 23.3880310058594 19.5021362304688 19.3993129730225 22.5166606903076 16.1967067718506 18.1934051513672 15.3079500198364 15.3731365203857 18.3393936157227 18.0277557373047 18.0277557373047 17.0587215423584 17.3493518829346 17.3877353668213 18.3575592041016 17.7857627868652 103.006469726562 123.751091003418 132.502822875977 121.886558532715 126.00528717041 139.155792236328 130.408340454102 137.602081298828 150.324096679688 145.92578125 158.323501586914 89.5339813232422 171.79736328125 216.249862670898 247.151779174805 145.788665771484 185.564910888672
97.7343368530273 95.0946884155273 92.721809387207 102.792671203613 95.4428253173828 107.481781005859 140.962173461914 88.9288101196289 110.350952148438 97.5106811523438 122.152908325195 96.1266555786133 76.0087738037109 24.2143211364746 18.1934051513672 24.1108551025391 19.9248580932617 19.5021362304688 19.2959403991699 18.1934051513672 15.8850030899048 18.1934051513672 18.770544052124 20.5020332336426 19.5021362304688 19.5021362304688 20.2319869995117 15.3731365203857 17.0977573394775 17.9536437988281 16.165807723999 14.8436298370361 17.009801864624 14.9777612686157 83.6082153320312 134.615509033203 128.811233520508 121.615516662598 137.771545410156 142.619537353516 99.9116287231445 99.9116287231445 156.029907226562 129.816543579102 88.8425598144531 118.056480407715 78.1302337646484 100.950485229492
103.155220031738 98.5917510986328 93.7781066894531 96.1786499023438 85.3834457397461 88.2213134765625 91.7877960205078 106.908058166504 67.2631683349609 85.1430206298828 80.5253601074219 66.6508331298828 72.2657165527344 61.2726135253906 20.5507507324219 72.3809356689453 21.2210578918457 25.5408172607422 16.165807723999 18.1934051513672 15.044379234314 14.7309198379517 14.5716619491577 13.7961349487305 13.7961349487305 14.9331846237183 14.3643074035645 15.5026884078979 15.9478311538696 13.6503963470459 16.2583312988281 13.6503963470459 15.3079500198364 13.6503963470459 15.176736831665 15.2752523422241 15.716233253479 108.859237670898 130.216491699219 86.9271697998047 115.572486877441 22 87.29833984375 78.0832901000977 64.1274795532227 137.391174316406 86.1858444213867 105.101539611816
104.61994934082 103.664520263672 104.541854858398 102.617408752441 103.389228820801 88.6115112304688 84.8076248168945 101.975486755371 70.8895874023438 90.2662734985352 89.8906707763672 72.0370254516602 82.1644668579102 65.5057220458984 20.8806133270264 26.0256290435791 24.1729869842529 14.3643074035645 23.3523731231689 20.8806133270264 14.7986488342285 17.214334487915 16 16.0416126251221 22.3681316375732 22.9419555664062 19.9248580932617 16.5025253295898 16.5025253295898 14.7422294616699 16.0727519989014 13.4288244247437 13.6137189865112 14.0118999481201 14.4222049713135 14.9777612686157 16.6533279418945 15.8219261169434 12.342339515686 69.8665390014648 29.6872596740723 23.3523731231689 42.1939964294434 72.0208282470703 86.6083145141602 118.621246337891 60.8522796630859 52.0480537414551
101.214294433594 89.0748748779297 104.541854858398 96.1613235473633 103.991989135742 92.1809844970703 77.8609848022461 70.4438323974609 64.3764953613281 68.1493453979492 91.8821716308594 87.5004730224609 95 88.2723083496094 81.6843490600586 17.5594234466553 22.5018520355225 17.5023803710938 40.5092582702637 19.6299095153809 24.5153007507324 15.3079500198364 15.1327457427979 15.5349073410034 16.7032928466797 16.5025253295898 43.1895065307617 41.5812454223633 38.0394515991211 32.0208282470703 19.0525588989258 13.8924436569214 15.716233253479 17.0977573394775 16.8027782440186 13.4288244247437 12.2202014923096 11.8462371826172 13.076696395874 16.4418163299561 11.9303531646729 13.8924436569214 12.1243553161621 53.5007781982422 44.0037879943848 21.8250617980957 14.9331846237183 16.8621864318848
101.474136352539 95.8175354003906 96.7625961303711 88.7299270629883 99.1816482543945 97.5499877929688 78.255989074707 103.927856445312 97.6541519165039 70.4485626220703 79.9395599365234 98.4344100952148 76.1511688232422 95.3799438476562 21.3619594573975 65.2865447998047 30.3534736633301 91.1098251342773 92.5868988037109 31.2623310089111 13.7961349487305 15.3079500198364 17.214334487915 17.7857627868652 34.0049018859863 39.0042724609375 87.3632278442383 53.6935768127441 19.3993129730225 13.7961349487305 13.6503963470459 14.0118999481201 48.5386428833008 82.2334060668945 75.2949752807617 41.6052894592285 19.0087699890137 19.5021362304688 19.0350551605225 16.0934772491455 14.0118999481201 14 17.5594234466553 11.2398099899292 9.16515159606934 10.2632026672363 5.03322315216064 5
98.20556640625 97.3361892700195 104.462112426758 104.541854858398 96.6902236938477 89.7050704956055 66.6858291625977 99.0774078369141 95.1752777099609 88.2723083496094 98.4344100952148 91.2487411499023 44.2266883850098 44.613151550293 75.8705062866211 77.8224487304688 75.1953048706055 67.290412902832 74.218147277832 40.5503807067871 17.5023803710938 19.9749851226807 16.5227108001709 16.165807723999 47.595516204834 57 83.9186096191406 71.0586624145508 86.9329223632812 21 14.2945213317871 13.86842918396 15.6311655044556 79.2863998413086 87.4089965820312 83.5224533081055 69.8641510009766 59.1523475646973 51.6430053710938 19.6723155975342 16.5025253295898 10.6926765441895 13.0128145217896 10.6926765441895 12.5033330917358 6.80685949325562 6.11010074615479 3.60555124282837
82.0751724243164 99.9466552734375 94.4475173950195 91.5441589355469 100.54020690918 99.6209487915039 82.9236602783203 98.6052703857422 75.9736785888672 81.1315841674805 79.6052780151367 77.0216445922852 58.2265701293945 45.7420310974121 27.874719619751 54.2862777709961 59.9360771179199 65.0333251953125 65.2099151611328 79.6052780151367 19.9749851226807 84.3168640136719 16.5630111694336 50.8461723327637 51.3906593322754 80.7114181518555 90.2348785400391 18.5022525787354 21.7332305908203 18.1934051513672 34.9332695007324 21.1974849700928 10.1488914489746 14.8436298370361 16.0416126251221 38.4230842590332 67.3374557495117 72.665901184082 76.7875823974609 61.2943725585938 70.9295425415039 19.0087699890137 17.5023803710938 19.6044216156006 19.0087699890137 11.2398099899292 11.9303531646729 10.5830049514771
29.3655128479004 71.3605880737305 43.4856300354004 38.4317588806152 41.2350997924805 92.3688278198242 99.4199829101562 98.8534240722656 96.2410202026367 76.5005416870117 87.0172424316406 98.8534240722656 67.0024871826172 78.0790176391602 69.1688766479492 60.7151832580566 37.0720024108887 44.7921142578125 81.1315841674805 77.1837615966797 70.3017272949219 64.14306640625 44.7995529174805 59.743896484375 39.5516548156738 48.5077323913574 70.5147705078125 53.52880859375 72.6429595947266 60.8933486938477 72.6429595947266 50.6392478942871 68.4202728271484 74.7685317993164 39.6610641479492 17.0391712188721 22.0302829742432 57.0730514526367 70.8684234619141 83.5004959106445 81.7067947387695 43.8216094970703 21.0079345703125 49.399730682373 14.0475387573242 22.5166606903076 67.9117050170898 12.0968313217163
63.7913246154785 28.2193794250488 28.2193794250488 28.2193794250488 27.6465797424316 28.2193794250488 56.5184326171875 49.1358642578125 79.8268966674805 81.7455368041992 99.1816482543945 97.9846954345703 98.5342559814453 90.5704116821289 81.4022903442383 44.2266883850098 44.2266883850098 71.1430511474609 87.5233306884766 43.0967903137207 28.1128673553467 69.7352142333984 40.7308235168457 68.0367584228516 39.5516548156738 33.5012435913086 69.9452133178711 55.5187644958496 46.6940383911133 55.8957366943359 42.0990905761719 85.4575881958008 82.9477767944336 87.7515411376953 86.4946975708008 63.3114013671875 56.5066375732422 65.01025390625 71.2530670166016 87.9829559326172 83.4645614624023 71.8401031494141 70.3159561157227 71.4632797241211 69.8164291381836 71.8609771728516 74.2046737670898 11.9303531646729
98.1902923583984 47.4376792907715 18.3575592041016 28.2193794250488 81.8555603027344 85.6290435791016 28.2193794250488 19.3476963043213 28.4487838745117 47.4376792907715 71.2343521118164 44.613151550293 73.184700012207 68.3690948486328 69.0603637695312 66.078239440918 64.2365417480469 90.7156753540039 42.2532043457031 68.8064956665039 45.0333213806152 73.7586135864258 83.2125778198242 41.8608818054199 10.1159934997559 8.96288681030273 46.7653732299805 9.53939247131348 11.0151414871216 12.1655254364014 12.7410097122192 13.8924436569214 56.0029754638672 14.4222049713135 14.9777612686157 69.8164291381836 69.8951568603516 14.9777612686157 78.3092193603516 78.3092193603516 71.9652709960938 83.7695236206055 74.5855178833008 70.6823883056641 65.9393692016602 84.0773468017578 71.4632797241211 10.5987424850464
101.6513671875 38.9914512634277 41.2350997924805 100.126586914062 61.646842956543 82.4196548461914 36.3501472473145 27.6465797424316 28.6879768371582 53.3041572570801 82.2455673217773 28.6879768371582 31.5647487640381 28.6879768371582 28.9367122650146 28.9367122650146 28.6879768371582 72.9543228149414 53.0282936096191 39.5094909667969 73.9932403564453 41.6213073730469 71.5821228027344 72.7621688842773 55.7165451049805 10.1159934997559 9.16515159606934 9.53939247131348 72.9931488037109 12.7410097122192 9.60902309417725 14.1539154052734 14.4683561325073 10.1488914489746 14.4222049713135 69.4718170166016 14.0118999481201 8.96288681030273 11.9303531646729 11.5325622558594 71.1266479492188 70.9459915161133 74.5855178833008 69.4190139770508 71.8609771728516 72.1549224853516 70.116569519043 10.6926765441895
72.7071762084961 91.8495178222656 73.1459732055664 44.836742401123 71.2834701538086 72.5074691772461 33.2315101623535 76.5310363769531 71.3582534790039 87.1225204467773 82.5853118896484 51.0979461669922 76.5310363769531 41.8608818054199 45.6106719970703 28.0416355133057 38.1051177978516 73.5685653686523 79.0717010498047 19.9248580932617 79.642951965332 21.1266021728516 80.2267608642578 69.2170486450195 71.0234680175781 73.323486328125 12.1655254364014 75.2861175537109 67.5351791381836 18.770544052124 74.6458282470703 15.0111074447632 13.8924436569214 11.357816696167 16.822603225708 16.822603225708 15.1327457427979 14.1774473190308 11.0604400634766 15.3079500198364 13 70.9953079223633 73.8985824584961 70.9459915161133 73.907600402832 20.1328926086426 13 10.7857933044434
81.1315841674805 63.7887153625488 74.7685317993164 15.044379234314 77.0865325927734 74.2316207885742 73.8985824584961 74.5273971557617 83.9126510620117 66.3023376464844 76.7745590209961 70.7884140014648 88.8219223022461 42.4381904602051 28.0416355133057 32.6241226196289 8.71779823303223 42.7239189147949 77.6809692382812 43.9203834533691 16.8027782440186 19.9749851226807 39.5094909667969 81.0514221191406 17.0391712188721 9.86576557159424 69.5725021362305 74.968879699707 43.2473487854004 69.7591094970703 18.770544052124 9.60902309417725 9.60902309417725 9.60902309417725 11.357816696167 29.614185333252 14.5716619491577 10.6926765441895 17.009801864624 32.186954498291 29.569128036499 71.6309967041016 70.1498413085938 72.3809356689453 74.2046737670898 19.5533466339111 20 62.3618469238281
75.1797866821289 48.1905937194824 23.0651245117188 57.8619041442871 50.0899200439453 72.1941833496094 72.1941833496094 44.7921142578125 46.0036239624023 46.3069458007812 79.5759582519531 74.3437957763672 76.4460601806641 35.2183647155762 33.4863166809082 79.0759124755859 66.6858291625977 78.7485427856445 76.5397491455078 81.9023818969727 23.5796527862549 43.312816619873 81.8189086914062 77.0216445922852 73.3302993774414 71.8818511962891 71.6682205200195 20.8086528778076 73.0205459594727 16.7729949951172 11.357816696167 9.60902309417725 11.357816696167 10.0664463043213 10.0664463043213 14.4222049713135 73.9932403564453 68.4202728271484 63.1506118774414 44.4409713745117 62.5806159973145 75.0621948242188 72.1964874267578 36.0739974975586 71.9328384399414 34.019603729248 30.5668659210205 71.8215408325195
40.3773880004883 15.716233253479 55.5817718505859 58.4322967529297 76.2954788208008 81.7944564819336 53.6873664855957 66.6658325195312 15.1327457427979 12.7671451568604 46.9290237426758 78.1430282592773 77.0216445922852 77.0216445922852 69.2820358276367 83.3546676635742 72.1757125854492 82.4762573242188 20.8806133270264 17.6162796020508 81.5740966796875 82.7788238525391 83.0501861572266 82.4762573242188 69.0868988037109 79.265380859375 36.0185127258301 21.931713104248 67.2011871337891 10.6926765441895 11.357816696167 19.078784942627 29.6704120635986 13.4536237716675 70.8731231689453 72.002311706543 66.7108154296875 18.5202598571777 18.6100330352783 19.0350551605225 63.7207450866699 73.5277709960938 15.0111074447632 10.2143688201904 12.7410097122192 10.6926765441895 13.3166561126709 13.5769414901733
15.3079500198364 24.8260612487793 13.7961349487305 50.6589889526367 83.9662628173828 83.8590087890625 48.0728607177734 85.406867980957 78.4240646362305 12.2882061004639 14.3643074035645 52.8141403198242 42.5793380737305 58.0459594726562 72.2979965209961 18.5831470489502 83.6241607666016 79.9395599365234 15.8745079040527 17.3493518829346 82.8874740600586 17.6162796020508 73.082145690918 33.0201950073242 19.3476963043213 33.0050506591797 22.1434707641602 20.6478404998779 48.5832633972168 68.9420013427734 73.5821533203125 63.2376480102539 40.9186172485352 59.743896484375 44.0492134094238 18.6100330352783 14.5028734207153 15.5241746902466 18.0369987487793 61.646842956543 59.0959663391113 26.5769329071045 10.5356540679932 13.7961349487305 13.7961349487305 13.7961349487305 34.0783424377441 56.2405548095703
40.6980743408203 19.0350551605225 16.2890548706055 44.2756500244141 29.1433238983154 13.747727394104 48.5832633972168 84.4334030151367 37.2334976196289 11.5902261734009 17.6729545593262 48.0728607177734 38.5097389221191 16.3707046508789 15.6950101852417 15.176736831665 19.078784942627 15.0996685028076 19.3476963043213 77.6723861694336 79.7517013549805 82.857307434082 80.624641418457 34 19.3476963043213 11.503623008728 9.16515159606934 7.76745367050171 8.32666397094727 13.0511808395386 17.009801864624 18.8237438201904 16.0104141235352 17.009801864624 15.5026884078979 16.5630111694336 19 71.9652709960938 74.8487396240234 54.902946472168 33.0454216003418 23.4591846466064 22.912878036499 56.8887786865234 75.0621948242188 23.0289669036865 76.7940979003906 73.9008331298828
