sd_LGM.asc
NCOLS 429 
NROWS 360 
XLLCORNER -9.666666667 
YLLCORNER 36.083333333 
CELLSIZE 0.0416666666666667 
NODATA_value -3.4e+38 
[rows 252 to 272 of 360, columns 48 to 95 of 429]
36.4600219726562 37.2066307067871 40.0541305541992 39.2470817565918 48.3459739685059 74.5944595336914 89.0168533325195 95.311767578125 60.7069473266602 98.723518371582 97.4388732910156 97.1390762329102 93.5360870361328 64.2209701538086 84.7604446411133 80.2142944335938 96.3898315429688 45.0814094543457 142.168914794922 169.673217773438 187.790664672852 217.541564941406 216.384689331055 90.6697311401367 97.6336669921875 160.892303466797 98.7842788696289 96.5004348754883 166.826263427734 248.139068603516 295.501281738281 283.778656005859 271.884765625 279.314025878906 123.86417388916 70.3159561157227 291.808715820312 247.184814453125 75.1154632568359 16.0934772491455 236.445205688477 236.65446472168 277.428070068359 272.990844726562 241.161773681641 203.447784423828 259.415374755859 264.738250732422
40.6980743408203 41.3561782836914 56 55.8301010131836 73.5685653686523 198.285995483398 143.549057006836 78.6193389892578 86.5813674926758 80.5874252319336 90.0462875366211 92.045280456543 93.044792175293 88.1211318969727 94.5639114379883 71.6309967041016 90.2791976928711 106.641143798828 123.912605285645 151.594848632812 188.386123657227 210.718612670898 222.264114379883 57.0730514526367 221.233657836914 217.201141357422 222.792129516602 254.578735351562 220.014389038086 323.579986572266 305.707366943359 288.184539794922 164.378631591797 17.6918067932129 111.289413452148 110.2587890625 20.0748596191406 246.435256958008 309.743438720703 293.678405761719 297.33203125 298.645843505859 310.848846435547 267.358062744141 239.900680541992 222.194366455078 268.615600585938 305.949890136719
42.4774436950684 58.9434776306152 96.1301193237305 165.436798095703 102.480895996094 90.8129959106445 68.8500823974609 73.6568603515625 86.5813674926758 85.5238723754883 92.1466217041016 48.5077323913574 46.9183692932129 83.1624908447266 60.5832748413086 65.3834838867188 53.4633827209473 109.585586547852 119.001403808594 151.764068603516 195.00341796875 137.732833862305 58.5178031921387 93.3291702270508 242.847686767578 310.307922363281 314.334747314453 292.072479248047 289.672790527344 286.982574462891 321.118347167969 339.255554199219 310.369659423828 263.519134521484 218.728897094727 72.4039611816406 124.374435424805 50.3421630859375 304.014801025391 83.4685592651367 118.654960632324 268.210723876953 329.439422607422 266.796417236328 269.901824951172 303.989044189453 252.124969482422 275.176910400391
74.1440048217773 80.0770492553711 190.88215637207 97.2779541015625 73.082145690918 73.9211273193359 73.0205459594727 79.0021133422852 59.8080253601074 62.6843948364258 89.0468063354492 86.5120391845703 82.0995330810547 65.3630905151367 67.8552398681641 65.7292404174805 99.8048095703125 97.766731262207 109.503425598145 147.581619262695 174.792251586914 51.1891899108887 149.563812255859 299.456726074219 317.406677246094 280.444305419922 317.725250244141 323.239837646484 340.489349365234 335.658050537109 310.989288330078 78.0149536132812 255.676223754883 322.955627441406 337.973876953125 231.967666625977 241.944900512695 321.137054443359 118.153854370117 47.1274871826172 65.7292404174805 300.648193359375 313.193756103516 309.384887695312 324.105438232422 268.752685546875 201.653991699219 301.960815429688
157.306488037109 160.406768798828 182.905258178711 71.8424224853516 66.5757751464844 58.1033554077148 64.0234298706055 51.5493278503418 56.0446243286133 70.152214050293 73 75.7913818359375 44.0340766906738 50.520622253418 48.5832633972168 49.7426719665527 66.4028091430664 94.8700866699219 105.973266601562 120.682777404785 183.073760986328 160.216522216797 271.781768798828 296.516998291016 271.384094238281 299.536865234375 273.665863037109 327.893798828125 309.567993164062 231.514572143555 207.051528930664 79.2275238037109 247.570190429688 288.083312988281 232.828979492188 101.932983398438 82.9236602783203 92.878059387207 57.1430969238281 50.2692756652832 229.510345458984 292.164916992188 293.655120849609 271.177673339844 302.671997070312 262.793334960938 58.5064086914062 119.55891418457
120.674491882324 120.461608886719 178.57585144043 167.000991821289 70.5998077392578 78.5005340576172 55.5607757568359 47.4657783508301 47.4657783508301 47.4657783508301 62.6285362243652 75.0199966430664 45.6544990539551 63.8357276916504 48.4458465576172 60.9617347717285 77.8802490234375 96.8142547607422 110.729400634766 174.691162109375 191.908828735352 234.103256225586 243.83805847168 282.528472900391 291.068725585938 310.951751708984 323.012908935547 302.017120361328 255.644943237305 72.5901718139648 340.764343261719 95.7096328735352 319.732696533203 332.122467041016 191.517623901367 94.1771392822266 86.0949096679688 57.0642929077148 195.007690429688 143.479385375977 285.573120117188 325.583068847656 314.562133789062 301.517822265625 28.3078308105469 84.3168640136719 154.111434936523 251.53727722168
149.291656494141 123.466590881348 136.671142578125 188.537353515625 74.5676422119141 50.3322296142578 45.3908958435059 45.1774291992188 43.7530937194824 49.2375183105469 64.8382568359375 81.5250473022461 44.8441734313965 70.4059677124023 55.139217376709 56.5803260803223 73.0022811889648 92.1158676147461 167.063858032227 113.531196594238 181.155548095703 206.879196166992 257.245025634766 279.120056152344 300.700836181641 260.373443603516 264.920745849609 309.18603515625 107.084075927734 332.283020019531 256.593719482422 86 95.5981140136719 99.6510543823242 95.7723007202148 83.0501861572266 91.0896987915039 85.0176467895508 67.8011779785156 276.726104736328 334.527038574219 329.851989746094 318.513732910156 290.537994384766 51.0685806274414 209.848358154297 234.269790649414 230.753112792969
68.1102066040039 76.054801940918 69.2844390869141 67.7716751098633 46.8223609924316 47.0567016601562 44.5308876037598 45.0814094543457 60.8933486938477 64.2105941772461 57.2974700927734 58.8245964050293 70.1498413085938 77.9508361816406 53.5754928588867 62.5060005187988 76.9740219116211 84.9293823242188 95.3886795043945 173.55403137207 134.228668212891 179.134033203125 226.385360717773 272.890075683594 233.501602172852 212.486083984375 296.878753662109 63.4060974121094 246.225509643555 58.3466644287109 87.4299697875977 86.5390090942383 91.1281127929688 96.0017395019531 98.5951309204102 91.467658996582 81.8351974487305 76.7072372436523 62.6125640869141 82.2374572753906 78.9366836547852 51.5881118774414 83.3926467895508 306.500122070312 2.64575123786926 229.489288330078 148.714492797852 85
51.013069152832 49.0849609375 53.0502891540527 47.2863616943359 46.8223609924316 53.52880859375 52.1759834289551 55.6776428222656 46.068790435791 38.1357231140137 35.2325592041016 40.6489028930664 54.1233177185059 78.1366348266602 65.7951354980469 70.8684234619141 58.192211151123 33.9558525085449 26.65207862854 33.1511688232422 138.001205444336 173.086685180664 41.904655456543 24.6644134521484 28.5715484619141 26.5015716552734 38.0175399780273 83.3446655273438 80.3761978149414 92.5436859130859 90.4728317260742 97.7701416015625 97.9047164916992 102.163269042969 88.376091003418 88.9288101196289 81.6169891357422 76.9610290527344 61.5060958862305 75.1953048706055 64.0858764648438 292.98974609375 2.88675141334534 85.6757431030273 87.3689498901367 309.165008544922 285.822204589844 82.5247421264648
44.0151481628418 45.0333213806152 45.0924987792969 44.9110221862793 44.2982330322266 47.5078926086426 42.8835639953613 42.0277671813965 39.1066932678223 39.2810401916504 50.76416015625 42.9224090576172 37.4477424621582 35.3883209228516 37.1662940979004 36.8284301757812 18.903263092041 15.1327457427979 21.3853530883789 14.6401271820068 24.0069427490234 156.844940185547 21.9620876312256 45.2806053161621 63.5714836120605 51.0326690673828 81.8372344970703 90.4728317260742 95.631233215332 92.7918853759766 79.2106857299805 92.872673034668 100.642936706543 100.246360778809 96.4589691162109 86.5582656860352 81.7333068847656 78.9451293945312 75.8705062866211 75.6240692138672 94.8841400146484 63.893138885498 123.304504394531 315.034912109375 55.8957366943359 314.534576416016 86.6967926025391 137.698944091797
44.0605659484863 46.1302490234375 46.057933807373 46.893497467041 48.2320785522461 56.4121742248535 49.7594223022461 50.302417755127 31.2249908447266 26.153392791748 26.3881282806396 27.7128124237061 25.8134326934814 26 19.5533466339111 16.165807723999 15.5241746902466 23.4591846466064 22.3383083343506 22.4796199798584 20.8406658172607 14.0475387573242 14.7309198379517 54.1233177185059 83.540412902832 88.4439544677734 95.1419982910156 94.7329559326172 94.1753692626953 92.3688278198242 94.4951477050781 95.1016998291016 100.976898193359 95.5981140136719 97.9404602050781 85.7496337890625 84.1566009521484 80.4673843383789 79.5047149658203 90.3161087036133 310.964630126953 313.019165039062 63.2376480102539 66.7308044433594 121.618255615234 16.4620780944824 207.342712402344 115.546524047852
56.5066375732422 47.6060218811035 52.6782684326172 70.9953079223633 68.5054779052734 56.1278305053711 54.3691101074219 35.2325592041016 25.9293918609619 25.4230861663818 26.2741947174072 26.3881282806396 30.5995635986328 31.7857418060303 20.6639785766602 17.5023803710938 14.7309198379517 31.9426574707031 32.1299438476562 23.5159511566162 21.2837963104248 54.2862777709961 73.6500701904297 86.2225799560547 93.3613052368164 96.5729446411133 92.7954711914062 92.260498046875 91.6860580444336 94.1612091064453 98.4598083496094 98.271728515625 103 100.917457580566 86.800537109375 97.1390762329102 77.6745376586914 76.5593414306641 80.1644134521484 95.5213775634766 86.6737213134766 94.6942443847656 94.1753692626953 204.30940246582 204.113525390625 59.8776512145996 82.9839324951172 67.0894927978516
53.5381469726562 48.6449737548828 71.0844573974609 74.0810394287109 51.325756072998 34.5301818847656 27.790885925293 27.02467918396 24.6644134521484 25.5799407958984 22.8546123504639 25.3574447631836 30.5122928619385 31.432466506958 26.5015716552734 31.6596488952637 18.3575592041016 26.8390254974365 39.3573379516602 38.9358444213867 54.243278503418 80.9341278076172 90.2902755737305 92.7146148681641 93.9272766113281 98.0832977294922 95.8140563964844 95.0806655883789 94.9596405029297 101.887191772461 102.256217956543 100.480514526367 95.0596313476562 91.8712844848633 78.4750518798828 75.5005493164062 75.6637268066406 73.3280334472656 82.3953857421875 78.7908630371094 95.8244934082031 80.5750198364258 82.790901184082 99.3998641967773 98.3073425292969 83.5783081054688 78.7993240356445 64.4903106689453
43.0967903137207 43.8444213867188 46.6082954406738 43.2666168212891 36.2904930114746 33.1511688232422 25.3574447631836 25.5799407958984 25.9293918609619 24.09010887146 19.9749851226807 18.7171936035156 17.9536437988281 19.1572437286377 15.6311655044556 16.165807723999 25.1594905853271 19.7315311431885 38.9401245117188 50.9345970153809 52.7857322692871 86.0716781616211 91.7877960205078 92.224365234375 95.1437530517578 95.8279724121094 97.1407928466797 100.729011535645 102.246437072754 104.920608520508 102.432090759277 101.10555267334 92.4139251708984 92.4355621337891 77.349853515625 77.0216445922852 96.759147644043 77.4230804443359 87.6888427734375 87.8312759399414 73.7495727539062 73.3212127685547 76.3347854614258 74.7261657714844 74.6458282470703 48.086727142334 41.5250930786133 30.6104564666748
35.679126739502 32.8684234619141 36.3455619812012 36.4737358093262 32.5934562683105 30.2654914855957 24.7857494354248 19.6553630828857 20.5020332336426 21.9393100738525 17.4355964660645 17.6162796020508 17.6918067932129 16.92138671875 16.165807723999 15.2752523422241 25.4820194244385 32.3161468505859 57.0730514526367 51.4036331176758 51.2152328491211 72.0162048339844 87.5728302001953 91.5714645385742 93.4309005737305 97.7258071899414 100.550155639648 102.617408752441 103.016181945801 101.887191772461 100.922409057617 100.748863220215 92.0344161987305 85.6290435791016 85.6173629760742 95.296028137207 91.8767318725586 89.2038879394531 85.798210144043 71.5005798339844 40.2036476135254 38.1575698852539 37.0405197143555 39.5853500366211 44.5458564758301 41.1460800170898 41.7891540527344 38.0701103210449
29.9555225372314 27.2213153839111 28.1602554321289 32.0364379882812 26.5015716552734 27.0739727020264 25.716402053833 22.2785396575928 17.0977573394775 21.9393100738525 18.5831470489502 17.6162796020508 17.2433567047119 14.9777612686157 26.2868785858154 24.6644134521484 32.8836326599121 46.0036239624023 51.6430053710938 51.5978050231934 52.7857322692871 54.0647773742676 91.2158584594727 92.0072479248047 94.7259216308594 98.2768173217773 98.4699630737305 98.855110168457 101.725120544434 102.630401611328 99.6109085083008 97.7871856689453 90.3345642089844 94.3627777099609 96.8004837036133 95.6608581542969 93.7923202514648 77.1124725341797 78.6405334472656 70.377555847168 39.6274299621582 36.5011405944824 44.0340766906738 36.1155548095703 44.0605659484863 41.1015014648438 41.2593421936035 36.5285263061523
22.9419555664062 21.3775577545166 29.3087024688721 26.2868785858154 26.8390254974365 27.4043788909912 24.7857494354248 22.6053085327148 18.1475429534912 18.1475429534912 38.3144874572754 26.3881282806396 29.597297668457 42.0990905761719 41.1865692138672 27.135461807251 28.8675136566162 42.1939964294434 56.2168426513672 62.1798477172852 83.0722579956055 85.5803680419922 89.857292175293 92.1430053710938 94.9333114624023 98.1036834716797 97.3259124755859 101.154998779297 100.584953308105 101.932983398438 101.520111083984 101.154998779297 100.014999389648 99.2891387939453 97.9047164916992 96.3811874389648 89.7904968261719 75.7913818359375 55.2449073791504 38 38.7427406311035 42.2532043457031 33.7786903381348 44.5084266662598 44.0151481628418 34.5591278076172 34.5108680725098 41.2593421936035
27.02467918396 25.2388591766357 24.3310508728027 24.0069427490234 25.9293918609619 25.3574447631836 22.6053085327148 18.2482872009277 25.3245601654053 25.5342903137207 37.5099983215332 41.428653717041 40.2864723205566 38.2143096923828 25.8134326934814 29.1433238983154 42.4617462158203 56.4712333679199 59.6517677307129 56.5184326171875 86.152961730957 85.9321441650391 84.5123291015625 90.2164077758789 98.1478500366211 96.5970993041992 100.071640014648 102.503662109375 101.725120544434 103.764152526855 104.136131286621 103 100.538551330566 102.23991394043 102.246437072754 103.377944946289 96.3811874389648 82.213134765625 39.7156562805176 37.5277671813965 36.5011405944824 42.3202095031738 42.5793380737305 44.0037879943848 36.637866973877 36.1662826538086 41.7252922058105 40.7962417602539
23.2450714111328 19.5533466339111 24.09010887146 27.790885925293 25.5147018432617 21.7025337219238 17 24.0069427490234 23.4591846466064 25.8650341033936 30.6431064605713 39.7156562805176 36.0970916748047 25.2388591766357 38.9743499755859 50.5865592956543 53.7152976989746 55.5187644958496 50.964038848877 81.5740966796875 85.0078430175781 83.7874298095703 84.5064086914062 96.9381256103516 97.5773162841797 98.6728591918945 98.0832977294922 99.9716644287109 100.950485229492 96.5970993041992 97.5346069335938 100.729011535645 101.49055480957 101.296592712402 98.5105743408203 92.0814819335938 80.5067291259766 58.1578330993652 35.1188468933105 34.5591278076172 35 37.9868392944336 42.7823944091797 36.637866973877 37.4477424621582 36.5285263061523 44.0340766906738 42.0990905761719
20.0333061218262 23.8117618560791 24.0069427490234 22.2336082458496 17.776388168335 18.0369987487793 24.6373691558838 25.1661148071289 24.2487106323242 25.3245601654053 39.5094909667969 40.5010299682617 35.5011749267578 36.9639472961426 45.1331367492676 45.7092247009277 54.0955924987793 45.3468132019043 55.6447067260742 82.3953857421875 88.4439544677734 90.389892578125 95.7931823730469 96.7178039550781 102.456497192383 102.058807373047 100.729011535645 102.503662109375 102.29532623291 100.791862487793 103.195610046387 101.520111083984 96.0277709960938 86.2863464355469 59.743896484375 54.0493583679199 61.6549530029297 57.0116958618164 37.8989868164062 29.5014133453369 34.0783424377441 34.0049018859863 35.0761070251465 32.186954498291 36.0416412353516 42.7200202941895 43.5775184631348 44.613151550293
18.3393936157227 24.09010887146 17.6162796020508 15.716233253479 15.5670595169067 16.2583312988281 16.8027782440186 16.3707046508789 16.8621864318848 17.0977573394775 41.2956809997559 33.0454216003418 26.2106857299805 30.0499591827393 33.2916412353516 43.8216094970703 56.9766044616699 61.5873374938965 83.7695236206055 84.6541976928711 81.0514221191406 85.3600234985352 89.2860565185547 90.7873001098633 91.903938293457 98.8753433227539 100.922409057617 102.714813232422 91.9945678710938 101.49055480957 98.8753433227539 93.7923202514648 94.3203735351562 93.0161285400391 87.7268524169922 87.5728302001953 63.8853149414062 31.7962265014648 34.1223297119141 33.1260223388672 35.5105628967285 33.5012435913086 33.5012435913086 39.9624824523926 54.4426307678223 60.3351745605469 40.0666122436523 42.0634460449219
