sd_LGM.asc
NCOLS 429 
NROWS 360 
XLLCORNER -9.666666667 
YLLCORNER 36.083333333 
CELLSIZE 0.0416666666666667 
NODATA_value -3.4e+38 
[rows 84 to 104 of 360, columns 336 to 383 of 429]
55.2177505493164 54.9939384460449 54.9211540222168 56.5184326171875 56.5714874267578 57.0116958618164 56.6656875610352 57.3759536743164 57.3759536743164 57.6223335266113 57.8734245300293 57.6223335266113 57.6223335266113 57.812915802002 57.5528755187988 57.6223335266113 57.6223335266113 56.7215423583984 60.3517456054688 60.0527534484863 59.7745780944824 58.8982162475586 58.9236793518066 58.0430870056152 59.7745780944824 59.8080253601074 60.3848762512207 60.6959648132324 61.010929107666 60.6959648132324 61.010929107666 61.2726135253906 61.2726135253906 61.5386047363281 61.5386047363281 61.1991271972656 61.5060958862305 60.9289207458496 60.0444297790527 60.0444297790527 60.0444297790527 60.6300239562988 60.3351745605469 59.7578430175781 60.6300239562988 60.6300239562988 61.2072982788086 59.7578430175781
54.9939384460449 55.4286346435547 55.3744812011719 53.8609313964844 54.5007629394531 54.5007629394531 54.6717491149902 55.1935997009277 55.8241271972656 56.3471374511719 57.2974700927734 55.7703628540039 57.6223335266113 57.2974700927734 57.6223335266113 54.9302597045898 60.6300239562988 57.4485282897949 57.1664237976074 57.4485282897949 57.4485282897949 57.4659309387207 58.620246887207 58.3209495544434 59.1974105834961 58.620246887207 60.6959648132324 61.010929107666 60.4345359802246 60.4345359802246 61.2726135253906 61.2726135253906 61.2726135253906 60.9617347717285 61.2072982788086 60.9289207458496 60.9289207458496 61.5060958862305 61.2072982788086 60.6217765808105 60.0527534484863 58.8897285461426 60.0527534484863 60.0527534484863 60.0527534484863 60.0527534484863 61.2072982788086 60.6300239562988
52.4436187744141 52.1440315246582 53.7152976989746 53.7152976989746 54.6717491149902 54.4181327819824 54.1694869995117 54.4181327819824 56.0386772155762 56.3471374511719 56.6156616210938 56.9239273071289 58.3466644287109 58.7054786682129 56.6156616210938 58.1291656494141 56.9239273071289 55.7703628540039 60.2522468566895 59.3492469787598 57.7350273132324 58.0258560180664 58.3209495544434 58.6031837463379 58.620246887207 58.620246887207 59.5007019042969 60.3848762512207 60.4345359802246 60.4345359802246 60.6959648132324 60.4345359802246 61.2726135253906 61.7764778137207 61.2072982788086 60.9289207458496 60.0444297790527 60.3351745605469 60.0444297790527 58.8982162475586 58.3209495544434 58.6031837463379 58.3209495544434 58.8982162475586 59.4754867553711 58.8982162475586 59.4754867553711 60.0527534484863
52.7288665771484 52.9150276184082 54.5007629394531 54.1694869995117 54.5007629394531 55.2479248046875 54.4181327819824 54.9302597045898 56.0832710266113 57.1926574707031 57.1926574707031 57.5007247924805 57.5007247924805 57.1926574707031 58.3894958496094 57.1926574707031 56.3471374511719 59.6769065856934 59.6014556884766 60.1775169372559 57.4485282897949 58.0258560180664 59.1805152893066 58.3209495544434 58.8982162475586 58.8897285461426 59.4670791625977 59.4670791625977 60.3517456054688 60.6547622680664 60.6959648132324 60.119327545166 60.6959648132324 61.2318000793457 62.0671691894531 61.5060958862305 60.9125061035156 58.8897285461426 58.3209495544434 58.3209495544434 58.3209495544434 58.6031837463379 58.3209495544434 58.8982162475586 59.1805152893066 60.0527534484863 60.0527534484863 58.6031837463379
52.7288665771484 52.2908515930176 54.5007629394531 54.5007629394531 54.8361206054688 54.4181327819824 54.9302597045898 55.5067558288574 55.1935997009277 56.0386772155762 57.7696571350098 57.7696571350098 57.1926574707031 57.4659309387207 57.1926574707031 55.7703628540039 60.1775169372559 60.1775169372559 60.1775169372559 61.010929107666 61.3297119140625 61.3297119140625 57.7436866760254 58.3209495544434 58.3209495544434 58.6031837463379 59.4670791625977 58.8897285461426 59.4670791625977 59.5427017211914 60.119327545166 60.6959648132324 61.7845726013184 62.6445007324219 61.5060958862305 58.8897285461426 58.0258560180664 57.7436866760254 58.0258560180664 57.7350273132324 58.3209495544434 58.0258560180664 58.3209495544434 58.0258560180664 58.0258560180664 58.3209495544434 57.7350273132324 58.654354095459
53.507007598877 54.3721733093262 53.9289665222168 54.5007629394531 55.2479248046875 54.6717491149902 54.9302597045898 55.7703628540039 56.3471374511719 56.9239273071289 57.1926574707031 57.7696571350098 57.1926574707031 57.5007247924805 56.9239273071289 55.8241271972656 59.6014556884766 59.8080253601074 60.3848762512207 60.6959648132324 61.0764541625977 61.3297119140625 58.3209495544434 60.7536010742188 61.010929107666 58.6031837463379 58.8897285461426 58.8897285461426 60.6300239562988 61.4898376464844 60.119327545166 60.9617347717285 61.4898376464844 61.5060958862305 60.0527534484863 58.3123779296875 58.3123779296875 57.7350273132324 56.5803260803223 57.1576766967773 57.1576766967773 57.1576766967773 57.4485282897949 57.7436866760254 57.7436866760254 58.0258560180664 58.620246887207 58.3123779296875
52.9150276184082 55.0757064819336 55.0757064819336 54.6015853881836 54.8361206054688 55.2479248046875 54.9302597045898 56.3471374511719 57.1926574707031 56.6156616210938 55.8241271972656 55.5697746276855 54.7448616027832 55.3202781677246 56.9239273071289 59.8581657409668 60.9617347717285 60.9617347717285 60.9617347717285 60.6547622680664 60.6959648132324 60.6959648132324 60.7536010742188 60.7536010742188 60.4345359802246 57.7436866760254 58.0258560180664 58.0258560180664 58.6031837463379 60.6300239562988 61.7764778137207 61.5060958862305 60.3351745605469 60.3517456054688 58.620246887207 59.7745780944824 58.620246887207 55.4256248474121 56.5803260803223 56.5803260803223 57.1664237976074 57.1576766967773 57.4485282897949 57.4485282897949 57.7350273132324 58.0258560180664 58.9660911560059 58.9660911560059
52.937068939209 53.507007598877 54.8361206054688 54.0277709960938 54.8361206054688 54.2617111206055 56.3471374511719 54.4181327819824 56.3471374511719 55.1935997009277 54.9939384460449 56.0832710266113 57.5007247924805 58.620246887207 58.0430870056152 60.1775169372559 60.9617347717285 61.2318000793457 61.2318000793457 60.6547622680664 60.119327545166 60.119327545166 60.7536010742188 61.010929107666 60.6959648132324 60.6959648132324 58.3123779296875 58.6031837463379 59.1805152893066 60.9289207458496 61.4898376464844 61.7764778137207 61.7764778137207 59.7745780944824 58.8897285461426 58.8897285461426 56.5803260803223 56.0029754638672 56.5803260803223 56.5891609191895 56.5891609191895 57.1664237976074 56.8712005615234 57.7350273132324 58.0430870056152 58.0775337219238 58.9660911560059 58.654354095459
53.7990074157715 54.0277709960938 54.8361206054688 54.0277709960938 54.3721733093262 54.8361206054688 55.1754760742188 54.5007629394531 55.5697746276855 56.1456451416016 56.9239273071289 58.3466644287109 58.0430870056152 57.5007247924805 58.3466644287109 60.3848762512207 60.9289207458496 60.3517456054688 60.6547622680664 60.0777282714844 59.8080253601074 59.2311859130859 60.119327545166 60.4345359802246 60.6959648132324 59.5427017211914 57.7350273132324 58.3123779296875 59.7578430175781 61.2072982788086 61.7764778137207 60.9289207458496 60.9289207458496 59.4670791625977 57.1576766967773 58.3123779296875 56.5803260803223 56.0029754638672 56.293872833252 56.293872833252 56.5891609191895 57.4485282897949 57.7696571350098 58.0775337219238 58.654354095459 58.9660911560059 59.2311859130859 60.6300239562988
52.1632041931152 52.3481941223145 53.7990074157715 53.9289665222168 54.1479454040527 54.0277709960938 54.8361206054688 55.749439239502 55.6506958007812 55.9851188659668 58.9660911560059 59.8080253601074 56.9766044616699 57.812915802002 70.377555847168 60.3517456054688 60.3517456054688 60.0527534484863 60.9617347717285 59.5007019042969 59.8080253601074 60.1775169372559 60.119327545166 60.1775169372559 60.4345359802246 58.9660911560059 58.6031837463379 58.6031837463379 61.5060958862305 61.5060958862305 61.5060958862305 60.9289207458496 60.3517456054688 58.8897285461426 57.1576766967773 58.3123779296875 56.5803260803223 56.0029754638672 56.0029754638672 56.5891609191895 57.4485282897949 57.1576766967773 58.0775337219238 58.9660911560059 59.2311859130859 60.6300239562988 62.0832786560059 62.0832786560059
51.325756072998 52.7351875305176 51.1761665344238 51.6430053710938 54.0277709960938 54.7448616027832 54.7448616027832 56.8008232116699 55.410587310791 57.5528755187988 58.654354095459 59.8080253601074 70.377555847168 71.9884262084961 72.665901184082 73.2211227416992 58.6031837463379 59.4754867553711 59.8080253601074 58.620246887207 58.9236793518066 59.5427017211914 59.2818145751953 59.6014556884766 59.8581657409668 58.9660911560059 59.8080253601074 59.4754867553711 62.0671691894531 60.3351745605469 61.1991271972656 61.1991271972656 59.7745780944824 59.7745780944824 56.5803260803223 56.0029754638672 54.848274230957 56.5803260803223 56.5891609191895 56.5803260803223 57.1664237976074 57.812915802002 58.9660911560059 58.9660911560059 59.2311859130859 60.3517456054688 62.0832786560059 63.0026435852051
50.9215087890625 49.9733276367188 51.9839706420898 53.3572845458984 53.7990074157715 54.0277709960938 55.1754760742188 54.8361206054688 57.8734245300293 57.812915802002 58.3894958496094 58.3894958496094 71.5821228027344 72.2518768310547 72.665901184082 72.665901184082 59.1974105834961 59.1974105834961 58.9236793518066 59.2311859130859 58.9236793518066 59.8581657409668 60.1775169372559 59.6014556884766 59.2818145751953 59.5427017211914 59.8080253601074 61.2318000793457 58.6031837463379 60.0444297790527 61.7764778137207 60.3517456054688 59.7745780944824 58.3123779296875 57.7350273132324 56.5803260803223 56.5803260803223 56.8712005615234 57.1576766967773 56.8712005615234 56.8712005615234 56.8887786865234 57.812915802002 57.812915802002 58.9660911560059 61.5060958862305 63.893138885498 64.8562545776367
47.0885696411133 50.2095603942871 51.2477645874023 49.7594223022461 52.7351875305176 53.5754928588867 54.6015853881836 55.6506958007812 55.9851188659668 58.1291656494141 56.8008232116699 71.6961212158203 72.665901184082 72.1110229492188 72.1110229492188 72.1110229492188 58.6031837463379 58.3209495544434 58.3209495544434 57.7436866760254 58.3894958496094 58.3894958496094 58.7054786682129 59.0254173278809 58.9660911560059 58.3894958496094 59.2311859130859 59.2311859130859 60.3351745605469 60.9125061035156 60.9125061035156 59.7745780944824 59.1974105834961 57.7436866760254 57.7350273132324 56.5803260803223 56.5803260803223 57.4485282897949 57.4485282897949 56.293872833252 56.8712005615234 58.654354095459 59.8080253601074 60.0777282714844 58.9660911560059 60.6300239562988 64.2105941772461 65.3630905151367
44.5084266662598 47.003547668457 47.5709991455078 49.7594223022461 52.1632041931152 52.937068939209 54.1479454040527 56.5597038269043 57.9511299133301 55.749439239502 72.2518768310547 72.1110229492188 72.1110229492188 71.5565032958984 71.0023498535156 58.0258560180664 58.6031837463379 58.3209495544434 58.654354095459 57.7436866760254 58.0775337219238 58.9660911560059 57.812915802002 58.1291656494141 58.9660911560059 58.3894958496094 58.0775337219238 57.7696571350098 59.5007019042969 59.1974105834961 60.6217765808105 60.0444297790527 59.1974105834961 58.0430870056152 58.0258560180664 56.5803260803223 56.5803260803223 58.0258560180664 57.1576766967773 56.5803260803223 58.9660911560059 61.2072982788086 61.7845726013184 63.2692642211914 64.5316467285156 65.1076049804688 63.893138885498 64.5316467285156
46.057933807373 48.4974212646484 49.6521224975586 49.3693580627441 70.4485626220703 53.3572845458984 55.9851188659668 56.8008232116699 57.3759536743164 71.9884262084961 71.5565032958984 69.8951568603516 71.5565032958984 69.8951568603516 69.8951568603516 69.8951568603516 56.8712005615234 57.7436866760254 56.5891609191895 56.5891609191895 57.1926574707031 57.1926574707031 56.0832710266113 58.1291656494141 57.812915802002 57.812915802002 58.0775337219238 59.5007019042969 60.0527534484863 59.4754867553711 59.7578430175781 59.1805152893066 57.4659309387207 58.0430870056152 56.0029754638672 56.5803260803223 57.4485282897949 59.8080253601074 59.5427017211914 59.5427017211914 61.2072982788086 64.732780456543 65.6835861206055 65.3630905151367 64.8562545776367 64.8562545776367 64.8562545776367 66.463020324707
53.8733062744141 54.7205009460449 54.945426940918 52.937068939209 51.9839706420898 53.507007598877 53.144458770752 71.2834701538086 71.5821228027344 69.3421478271484 69.8951568603516 69.8951568603516 55.4256248474121 69.3421478271484 71.0023498535156 55.139217376709 55.139217376709 53.9845657348633 56.5891609191895 56.0119018554688 56.0386772155762 55.4616966247559 57.5528755187988 55.8241271972656 57.812915802002 57.5007247924805 58.9236793518066 58.9236793518066 59.7745780944824 59.4754867553711 60.3351745605469 58.3209495544434 58.620246887207 58.620246887207 57.1576766967773 58.6031837463379 58.0258560180664 58.3123779296875 62.9629516601562 62.9629516601562 63.5164031982422 64.1170806884766 65.6835861206055 65.6835861206055 65.3630905151367 66.7757415771484 68.1566848754883 67.5795822143555
55.5187644958496 55.5187644958496 54.7205009460449 53.3041572570801 51.7815933227539 70.5856475830078 70.4485626220703 68.9226608276367 68.7895355224609 69.3421478271484 68.2373275756836 68.2373275756836 68.2373275756836 68.7895355224609 50.520622253418 50.8068237304688 49.943302154541 49.943302154541 56.5891609191895 56.3116340637207 55.734489440918 55.734489440918 56.0832710266113 57.5007247924805 57.812915802002 54.0401077270508 56.6156616210938 56.6156616210938 59.4670791625977 58.8897285461426 59.7578430175781 58.0430870056152 58.0430870056152 56.0029754638672 59.7578430175781 58.6031837463379 61.7764778137207 60.6959648132324 63.2376480102539 62.9629516601562 63.8148345947266 66.5156631469727 66.8356170654297 65.9393692016602 67.8847045898438 66.1991958618164 67.3523101806641 66.463020324707
48.4974212646484 55.0726776123047 54.5007629394531 70.0309448242188 70.5856475830078 68.7895355224609 66.0328216552734 66.0328216552734 70.1712188720703 68.7895355224609 49.6521224975586 49.6521224975586 50.2294731140137 64.9332962036133 50.2294731140137 59.4670791625977 64.3842620849609 48.2113418579102 56.293872833252 55.734489440918 55.734489440918 55.734489440918 58.3894958496094 55.5067558288574 54.9302597045898 53.7773170471191 56.9239273071289 56.0386772155762 56.5891609191895 58.8897285461426 59.7578430175781 58.8982162475586 59.7745780944824 59.4670791625977 60.3351745605469 59.1805152893066 63.7991638183594 64.0858764648438 64.0858764648438 64.0936813354492 65.9393692016602 66.2595901489258 66.5156631469727 67.0919799804688 66.1991958618164 69.3108901977539 69.3108901977539 69.3108901977539
69.4766159057617 68.3690948486328 67.1341934204102 67.1341934204102 64.3842620849609 62.1932487487793 67.8159255981445 70.7271728515625 69.615608215332 67.1341934204102 59.4670791625977 54.6015853881836 55.139217376709 60.0111083984375 49.6521224975586 49.943302154541 62.8569793701172 48.4974212646484 53.1256370544434 52.5483894348145 53.1256370544434 52 56.3471374511719 52.0480537414551 55.7703628540039 54.0401077270508 53.7308120727539 53.4259605407715 56.5891609191895 59.1805152893066 59.4754867553711 60.0527534484863 58.8982162475586 59.7578430175781 58.8897285461426 59.4670791625977 63.7991638183594 64.3764953613281 63.7991638183594 65.5769271850586 61.7332954406738 66.2595901489258 67.0919799804688 66.7757415771484 68.1566848754883 68.1566848754883 69.0096588134766 69.3108901977539
44.5009346008301 44.5009346008301 50.5799713134766 63.8357276916504 64.9332962036133 64.3842620849609 58.3894958496094 70.3159561157227 69.0603637695312 67.1341934204102 43.8786201477051 39.2598190307617 39.2598190307617 44.4559707641602 49.943302154541 62.8569793701172 67.2631683349609 65.607421875 51.9711456298828 51.9711456298828 52.2717247009277 51.6946144104004 52.3099746704102 51.7332916259766 55.1935997009277 54.0401077270508 53.7308120727539 53.153865814209 56.293872833252 58.6031837463379 60.0527534484863 60.0527534484863 60.0444297790527 59.7578430175781 59.7578430175781 59.4670791625977 62.0671691894531 62.6445007324219 64.0858764648438 64.6709594726562 65.2712326049805 67.4116668701172 67.9288864135742 66.2595901489258 69.3108901977539 67.616569519043 69.3469543457031 70.1925888061523
35.8515472412109 41.0406303405762 60.0111083984375 47.1204147338867 54.6717491149902 68.3690948486328 67.1341934204102 69.2025985717773 67.3968353271484 38.6824684143066 39.2598190307617 38.6824684143066 38.6824684143066 39.2598190307617 43.8786201477051 57.8388557434082 62.8569793701172 61.7602882385254 48.2113418579102 51.6752662658691 52.2717247009277 51.6946144104004 47.1204147338867 51.2282485961914 51.156623840332 50.5799713134766 50.0033340454102 53.7308120727539 59.4670791625977 59.4754867553711 61.2318000793457 63.0581741333008 60.0444297790527 59.7578430175781 59.7578430175781 59.4670791625977 62.0671691894531 60.3351745605469 64.3764953613281 64.0858764648438 61.7332954406738 64.6090774536133 67.4858016967773 69.615608215332 69.0386352539062 67.1590118408203 69.0386352539062 71.6193618774414
