sd_LGM.asc
NCOLS 429 
NROWS 360 
XLLCORNER -9.666666667 
YLLCORNER 36.083333333 
CELLSIZE 0.0416666666666667 
NODATA_value -3.4e+38 
[rows 252 to 272 of 360, columns 192 to 239 of 429]
84.09716796875 89.8684234619141 86.2631607055664 92.3092651367188 80.9505996704102 66.9103851318359 35.8515472412109 37.6474876403809 36.864616394043 25.4230861663818 39.6274299621582 39.1535453796387 37.0720024108887 42.712215423584 35.5105628967285 35.7258071899414 30.2654914855957 52.6022796630859 43.0155029296875 47.3532829284668 43.312816619873 47.6060218811035 48.2942352294922 45.3908958435059 49.3288269042969 46.2276954650879 49.7426719665527 56.5066375732422 67.0894927978516 56.1515808105469 45.0333213806152 37.2692909240723 36.2950859069824 38.3970489501953 41.4045104980469 37.1662940979004 33.8673896789551 37.0720024108887 49.1663856506348 40.6324996948242 41.5812454223633 46.8757209777832 41.4769020080566 30.5122928619385 41.307788848877 43.4856300354004 41.7652168273926 48.086727142334
333.986541748047 132.929809570312 100.70915222168 77.2161483764648 68.1493453979492 58.620246887207 52.2525901794434 34.5976867675781 29.7377433776855 36.5011405944824 38.2143096923828 40.2781982421875 42.0039672851562 42.9224090576172 31.9426574707031 36.0970916748047 30.1053695678711 53.563045501709 52.8488426208496 46.2313041687012 43.8786201477051 43.6157455444336 51.5978050231934 54.8087577819824 50.8166656494141 55.9732093811035 48.0138854980469 52.1440315246582 54.1233177185059 48.2735252380371 43.8900146484375 44.1701240539551 47.6550102233887 47.6550102233887 45.6544990539551 39.1279945373535 37.0405197143555 48.6621017456055 47.1840362548828 33.2866325378418 32.6241226196289 38.3709945678711 38.5918807983398 37.806526184082 38.5270462036133 38.1750335693359 42.5245018005371 49.1528244018555
361.627349853516 359.505676269531 169.193176269531 80.2267608642578 68.0612487792969 53.6935768127441 52.8866729736328 43.5583915710449 31.432466506958 37.7403411865234 34.4286689758301 34.019603729248 36.3730659484863 40.1497192382812 32.5115356445312 35.5715255737305 42.1465682983398 49.9032402038574 60.9015617370605 43.8786201477051 49.4402008056641 58.8472595214844 50.8953170776367 57.3614273071289 45.4899253845215 274.093048095703 264.794891357422 48.2735252380371 51.4198417663574 54.5007629394531 52.430908203125 47.9305038452148 46.6082954406738 50.2692756652832 44.7921142578125 45.8839111328125 49.561408996582 49.3254508972168 44.4334716796875 36.5923500061035 38.1968574523926 38.030689239502 35.9072875976562 38.0832405090332 40.991870880127 40.7062644958496 43.0967903137207 45.077709197998
365.590393066406 94.796272277832 65.6226577758789 73.2416076660156 80.6494445800781 44.8813247680664 38.7427406311035 38.030689239502 39.8873405456543 41.7891540527344 33.645206451416 38.9743499755859 37.6430587768555 35.9212112426758 33.4713821411133 31.2143135070801 50.8166656494141 67.8699722290039 58.2866477966309 51.2152328491211 51.4036331176758 47.8225898742676 58.0775337219238 134.525085449219 202.129501342773 226.841354370117 296.486663818359 206.979064941406 58.654354095459 49.5210380554199 48.6449737548828 45.9238510131836 45.6544990539551 52.538875579834 44.6019439697266 44.7362632751465 38.6910858154297 48.7886581420898 50.3884925842285 32.5781097412109 36.1155548095703 38.223030090332 33.9754829406738 40.7062644958496 42.3595733642578 43.4664611816406 42.8291168212891 45.6544990539551
360.084716796875 85.1586761474609 88.2741928100586 58.3209495544434 47.3532829284668 59.5007019042969 55.7165451049805 36.7559509277344 37.5810241699219 34.5880508422852 34.2198791503906 38.5529937744141 37.9780654907227 39.2598190307617 34.5301818847656 49.963321685791 49.5681343078613 52.6909217834473 55.734489440918 49.1528244018555 52.0800666809082 53.4633827209473 55.1573524475098 117.005699157715 240.666442871094 291.671051025391 280.742462158203 277.63525390625 55.2931594848633 52.5737571716309 48.6449737548828 46.198844909668 50.7181739807129 44.0340766906738 41.5852546691895 34.2685470581055 35.341194152832 35.1615333557129 34.6987037658691 36.3501472473145 35.5715255737305 40.6119842529297 37.6474876403809 40.2781982421875 36.8962516784668 44.4409713745117 44.836742401123 41.6453285217285
356.306518554688 97.9404602050781 84.8587036132812 59.1805152893066 60.3848762512207 79.9937515258789 85.9786758422852 59.7745780944824 37.8725929260254 42.7901840209961 35.5293312072754 34.6987037658691 29.597297668457 30.5995635986328 33.6501617431641 35.5715255737305 46.7760620117188 58.9604377746582 51.4036331176758 50.0899200439453 50.540412902832 51.5396270751953 53.9845657348633 55.7165451049805 230.994232177734 258.287292480469 61.010929107666 204.961791992188 54.5007629394531 49.4873733520508 46.2313041687012 46.6940383911133 43.4856300354004 36.2904930114746 36.8555755615234 37.6430587768555 31.2143135070801 35.7910614013672 29.569128036499 34.5301818847656 36.0138854980469 37.0045051574707 42.8991050720215 43.6157455444336 44.836742401123 40.2781982421875 41.2956809997559 46.198844909668
361.572021484375 367.285980224609 354.571563720703 87.5042877197266 76.1664810180664 78.581169128418 68.7119598388672 64.9410018920898 54.1479454040527 38.5529937744141 41.6453285217285 39 36.3501472473145 30.3479824066162 39.5516548156738 34.8281478881836 52.2525901794434 54.0493583679199 43.7149848937988 37.634204864502 41.7652168273926 49.6521224975586 48.7886581420898 57.2974700927734 54.1479454040527 53.6935768127441 48.7544860839844 51.3939018249512 51.9615249633789 53.153865814209 48.0138854980469 45.9601287841797 48.5214729309082 41.7891540527344 35.3883209228516 38.5270462036133 33.171272277832 37.7226715087891 36.1155548095703 33.2916412353516 32.2541999816895 39.4250335693359 33.8673896789551 39.8789825439453 42.2176895141602 40.8207473754883 42.8991050720215 46.1302490234375
369.816619873047 353.446380615234 354.969024658203 89.7719345092773 100.061645507812 72.5419387817383 62.8834915161133 64.1170806884766 63.8148345947266 41.428653717041 44.4409713745117 37.4343872070312 27.7308483123779 35.5715255737305 37.1662940979004 50.2427444458008 49.943302154541 46.4578666687012 33.709545135498 33.4713821411133 32.7465019226074 40.4516181945801 43.0929222106934 46.2313041687012 49.3659820556641 57.1926574707031 50.5799713134766 42.0039672851562 43.3166618347168 46.5438842773438 55.4256248474121 51.6268653869629 44.4334716796875 30.789608001709 35.2325592041016 36.5285263061523 39.463062286377 38.5529937744141 40.513370513916 31.6438522338867 38.2143096923828 39.8789825439453 40.9511909484863 34.3850746154785 34.1223297119141 34.3850746154785 40.037483215332 -3.4e+38
368.22412109375 351.001892089844 343.383666992188 81.7944564819336 345.109161376953 349.623138427734 67.0397872924805 57.1926574707031 53.1162261962891 39.1066932678223 40.7308235168457 30.2875118255615 34.7754707336426 37.4032096862793 39.2470817565918 54.945426940918 54.0955924987793 41.5812454223633 34.8711929321289 37.8989868164062 32.5115356445312 29.8719482421875 35.763111114502 36.6787872314453 44.2266883850098 48.7886581420898 40.8207473754883 45.2143058776855 45.3468132019043 34.7898445129395 41.5852546691895 52 47.1840362548828 36.5558929443359 27.495454788208 41.8847618103027 35.3459091186523 35.9212112426758 38.8372688293457 39.5769309997559 39.9499702453613 38.3709945678711 40.6734962463379 32.715950012207 -3.4e+38 -3.4e+38 -3.4e+38 -3.4e+38
358.923858642578 350.987640380859 339.034423828125 72.7461318969727 344.711944580078 81.8677825927734 45.0444221496582 36.0970916748047 38.4230842590332 31.5647487640381 40.6489028930664 43.5928115844727 41.9682426452637 42.532341003418 46.1844139099121 66.5231781005859 54.5007629394531 47.6060218811035 33.709545135498 37.0720024108887 34.3850746154785 37.8725929260254 30.5505046844482 33.6501617431641 33.1260223388672 42.0039672851562 39.1535453796387 40.1123428344727 32.7414093017578 39.1450309753418 33.5608901977539 34.9618835449219 34.2393531799316 38.0832405090332 37.7226715087891 39.8036842346191 35.3459091186523 37.2424507141113 21.1266021728516 32.5781097412109 33.8673896789551 40.1123428344727 42.2176895141602 29.1947479248047 -3.4e+38 -3.4e+38 -3.4e+38 -3.4e+38
346.449127197266 346.225372314453 345.463928222656 72.1757125854492 73.7495727539062 80.7857284545898 58.3466644287109 38.9914512634277 34.4431915283203 26.2741947174072 25.059928894043 36.4965744018555 43.8444213867188 61.7764778137207 69.1953735351562 58.8982162475586 69.6443328857422 55.6506958007812 47.0779495239258 33.9754829406738 36.4737358093262 38.9743499755859 36.8962516784668 41.5692176818848 37.802116394043 36.7151184082031 33.709545135498 33.709545135498 36.8962516784668 36.8962516784668 29.8161029815674 36.7559509277344 38.7427406311035 38.0043869018555 31.6438522338867 41.9682426452637 19.3993129730225 30.6648559570312 32.6241226196289 32.3470764160156 33.9558525085449 35.9304885864258 33.8673896789551 -3.4e+38 -3.4e+38 -3.4e+38 -3.4e+38 -3.4e+38
345.313385009766 306.008728027344 334.177093505859 51.6752662658691 329.242065429688 73.0775833129883 63.5400123596191 36.6924133300781 32.3161468505859 34 28.4312038421631 31.5647487640381 34.9618835449219 61.2726135253906 64.3920288085938 297.218780517578 119.056007385254 65.2252502441406 51.9647331237793 49.561408996582 38.1094932556152 34.2685470581055 35.3600540161133 33.7786903381348 34.0342979431152 36.3730659484863 33.2866325378418 40.9186172485352 32.1921310424805 29.8161029815674 32.3573799133301 29.7153167724609 39.1450309753418 39.5010566711426 36.3868103027344 22.2785396575928 33.8082847595215 33.2916412353516 39.828800201416 34.5301818847656 39.1066932678223 33.0454216003418 33.0454216003418 -3.4e+38 -3.4e+38 -3.4e+38 -3.4e+38 -3.4e+38
349.74609375 349.528717041016 336.291534423828 334.087310791016 337.524810791016 341.681640625 61.2072982788086 34.9475784301758 35.1330795288086 35.0047607421875 32.6547584533691 30.4138126373291 53.2666244506836 92.0941543579102 333.7099609375 293.145568847656 323.218719482422 60.8714485168457 48.1905937194824 39.5516548156738 40.0790901184082 35.8375968933105 36.2904930114746 34.3122901916504 35.341194152832 34.4286689758301 36.2904930114746 33.1511688232422 47.7598152160645 34.1223297119141 45.3247528076172 46.4578666687012 42 21.7025337219238 17.9257736206055 14.7309198379517 25.2388591766357 34.7706756591797 40.8207473754883 33.2315101623535 32.0052070617676 -3.4e+38 -3.4e+38 -3.4e+38 -3.4e+38 -3.4e+38 -3.4e+38 -3.4e+38
322.124206542969 360.068054199219 339.358703613281 45.6398963928223 341.956634521484 344.142883300781 60.9289207458496 35.8515472412109 35.1330795288086 29.0229797363281 35.2325592041016 63.2692642211914 57.7696571350098 62.9629516601562 61.7764778137207 58.8585891723633 59.4754867553711 60.4510803222656 55.7703628540039 54.5802154541016 53.5941543579102 38.9743499755859 38.6264152526855 39.0042724609375 46.8009986877441 39.7156562805176 38.8372688293457 34.9475784301758 32.331615447998 36.7151184082031 35.2183647155762 26.8576488494873 16.0934772491455 16.4620780944824 16.0727519989014 16.2890548706055 -3.4e+38 28.7286148071289 32.1403160095215 -3.4e+38 -3.4e+38 -3.4e+38 -3.4e+38 -3.4e+38 -3.4e+38 -3.4e+38 -3.4e+38 -3.4e+38
303.862365722656 322.228179931641 323.074798583984 335.453918457031 352.159515380859 373.71826171875 39.1279945373535 34.2977180480957 34.6746788024902 30.6648559570312 37.7403411865234 39.2300910949707 37.0045051574707 39.2725524902344 52.7288665771484 57.4485282897949 61.256290435791 63.7887153625488 63.6343727111816 57.709041595459 49.8129844665527 41.741268157959 40.6980743408203 39.9499702453613 38.8115119934082 38.1357231140137 38.279670715332 31.7857418060303 37.4477424621582 38.7857360839844 35.2183647155762 35.2325592041016 23.5159511566162 19.139835357666 19.2959403991699 -3.4e+38 -3.4e+38 -3.4e+38 -3.4e+38 -3.4e+38 -3.4e+38 -3.4e+38 -3.4e+38 -3.4e+38 -3.4e+38 -3.4e+38 -3.4e+38 -3.4e+38
340.338562011719 358.832824707031 349.867126464844 301.122894287109 276.904907226562 33.9558525085449 36.8284301757812 38.4751014709473 31.7647609710693 36.8962516784668 34.8711929321289 31.432466506958 38.7341346740723 40.2781982421875 59.5427017211914 35.9212112426758 39.1194763183594 59.8080253601074 58.0775337219238 64.0338439941406 54.9302597045898 53.1256370544434 40.2616424560547 27.874719619751 28.4312038421631 43.7302322387695 35.5715255737305 33.9558525085449 36.6651496887207 37.7226715087891 31 31.7700061798096 24.0069427490234 17.7857627868652 -3.4e+38 -3.4e+38 -3.4e+38 -3.4e+38 -3.4e+38 -3.4e+38 -3.4e+38 -3.4e+38 -3.4e+38 -3.4e+38 -3.4e+38 -3.4e+38 -3.4e+38 -3.4e+38
304.785705566406 373.604522705078 344.743377685547 341.497192382812 299.616973876953 294.6845703125 36.4965744018555 41.2350997924805 37.8593902587891 235.572357177734 40.4639739990234 35.9304885864258 31.5753059387207 39.5516548156738 39.1450309753418 34.4431915283203 37.802116394043 41.7612266540527 56.7890815734863 60.4345359802246 56.0119018554688 58.8897285461426 41.4889526367188 27.3007926940918 31.5013217926025 38.4317588806152 32.3934135437012 24.0069427490234 33.3816299438477 37.2424507141113 27.1538829803467 28.0535202026367 31.2143135070801 23.8607063293457 19.6553630828857 -3.4e+38 -3.4e+38 -3.4e+38 -3.4e+38 -3.4e+38 -3.4e+38 -3.4e+38 -3.4e+38 -3.4e+38 -3.4e+38 -3.4e+38 -3.4e+38 -3.4e+38
91.4275665283203 306.004913330078 302.044708251953 300.80615234375 258.333129882812 133.54524230957 94.5727233886719 78.008544921875 110.092384338379 33.6055564880371 39.3107261657715 34.6987037658691 36.253734588623 37.0720024108887 32.715950012207 33.7786903381348 32.6241226196289 37.0405197143555 40.6119842529297 40.1538696289062 35.9304885864258 92.662467956543 52.3099746704102 29.0918083190918 31.7962265014648 30.4138126373291 34.1955146789551 29.1604747772217 27.0616588592529 28.0059509277344 26.8514423370361 30.3479824066162 31.8956623077393 28.6181755065918 24.0069427490234 -3.4e+38 -3.4e+38 -3.4e+38 -3.4e+38 -3.4e+38 -3.4e+38 -3.4e+38 -3.4e+38 -3.4e+38 -3.4e+38 -3.4e+38 -3.4e+38 -3.4e+38
94.5039672851562 164.451614379883 159.425003051758 101.589042663574 98.8197021484375 121.878356933594 78.0341796875 95.9183654785156 295.718322753906 79.6513214111328 40.8207473754883 58.1033554077148 34.2198791503906 34.5976867675781 36.6924133300781 33.0050506591797 34.3559799194336 36.7151184082031 34.2101364135742 70.009521484375 34.6987037658691 30.9246387481689 43.2087936401367 31.9530906677246 36.2261428833008 36.2950859069824 34.4431915283203 34.9618835449219 25.9807624816895 24.2143211364746 18.009256362915 18.3575592041016 26 22.6053085327148 -3.4e+38 -3.4e+38 -3.4e+38 -3.4e+38 -3.4e+38 -3.4e+38 -3.4e+38 -3.4e+38 -3.4e+38 -3.4e+38 -3.4e+38 -3.4e+38 -3.4e+38 -3.4e+38
91.5769271850586 92.872673034668 88.8988189697266 80.0749664306641 68.5492553710938 93.5218353271484 73.5685653686523 215.792343139648 160.113494873047 65.2482452392578 58.1979370117188 39.5094909667969 39.7156562805176 37.4032096862793 37.8197479248047 42.5715103149414 36.5923500061035 33.7786903381348 35.8096809387207 40.2781982421875 36.1708908081055 37.0720024108887 40.2781982421875 37.8989868164062 39.6274299621582 37.8461799621582 32.9089660644531 34.9332695007324 39.0512466430664 34.1223297119141 25.1197128295898 -3.4e+38 -3.4e+38 -3.4e+38 -3.4e+38 -3.4e+38 -3.4e+38 -3.4e+38 -3.4e+38 -3.4e+38 -3.4e+38 -3.4e+38 -3.4e+38 -3.4e+38 -3.4e+38 -3.4e+38 -3.4e+38 -3.4e+38
83.4405975341797 83.4286117553711 75.3458709716797 78.621452331543 87.2028274536133 90.2662734985352 218.382690429688 265.331878662109 92.0995864868164 71.3886108398438 63.893138885498 60.9125061035156 51.4036331176758 38.1575698852539 42.6731758117676 33.8673896789551 28.5131549835205 36.3868103027344 40.5257110595703 39.6274299621582 36.936882019043 36.9639472961426 33.5459899902344 31.1929473876953 31.5013217926025 30.0222148895264 35.5387115478516 37.5810241699219 31.7857418060303 36.4280128479004 25.1197128295898 -3.4e+38 -3.4e+38 -3.4e+38 -3.4e+38 -3.4e+38 -3.4e+38 -3.4e+38 -3.4e+38 -3.4e+38 -3.4e+38 -3.4e+38 -3.4e+38 -3.4e+38 -3.4e+38 -3.4e+38 -3.4e+38 -3.4e+38
