sd_LGM.asc
NCOLS 429 
NROWS 360 
XLLCORNER -9.666666667 
YLLCORNER 36.083333333 
CELLSIZE 0.0416666666666667 
NODATA_value -3.4e+38 
[rows 189 to 209 of 360, columns 144 to 191 of 429]
156.097198486328 188.859741210938 64.4437713623047 34.5880508422852 28.7460136413574 44.836742401123 50.9215087890625 32.5166625976562 56.1515808105469 50.2924766540527 25.7746639251709 31.0214977264404 34.019603729248 30.5122928619385 27.5741424560547 32.0208282470703 49.3254508972168 32 31.0214977264404 34.5301818847656 33.5012435913086 32.0468406677246 38.279670715332 34.5301818847656 32.6036796569824 21.3853530883789 26.5581130981445 23.1156520843506 27.135461807251 21.6564083099365 22.8983268737793 24.556058883667 25.4230861663818 15.1327457427979 21.6564083099365 36.6105613708496 49.6621932983398 15.1437559127808 15.2752523422241 16.7729949951172 34.8185768127441 41.5812454223633 33.5608901977539 25.7940559387207 46.3716850280762 85.2310562133789 32.7871932983398 30.2709980010986
175.346328735352 171.971893310547 178.690612792969 204.231079101562 199.853286743164 210.165008544922 200.980102539062 112.414413452148 32.331615447998 25.7940559387207 24.9799919128418 37.5277671813965 36.5285263061523 32.0468406677246 36.6924133300781 34.0049018859863 33.5111923217773 33.0454216003418 38.7427406311035 32.5115356445312 35.0047607421875 32.5627593994141 43.1083908081055 49.7225646972656 38.0043869018555 35.5293312072754 25.4230861663818 27.4286956787109 29.8384532928467 26.5769329071045 27.7308483123779 46.3069458007812 38.7427406311035 18.5831470489502 18.2482872009277 43 68.4202728271484 28.2193794250488 16.5025253295898 28.5832118988037 43.1315803527832 63.4113540649414 93.3827285766602 32.0780296325684 84.2872085571289 106.500389099121 83.5304336547852 28.5890426635742
172.754165649414 197.18603515625 204.003265380859 185.353713989258 215.161178588867 214.234298706055 160.238357543945 45.2106170654297 30.4466743469238 36.0555114746094 38.6264152526855 43.2473487854004 41.1987037658691 35.5105628967285 38.0175399780273 38.5270462036133 39.1535453796387 48.5626754760742 36.5011405944824 53.8175926208496 44.2379913330078 40.1497192382812 27.3007926940918 113.026542663574 72.7278060913086 69.2122344970703 32.9696846008301 39.5769309997559 47.6550102233887 30.0388641357422 32.9241561889648 55.2931594848633 46.0036239624023 62.3778800964355 45.1700477600098 54.8117980957031 34.0636672973633 18.9296951293945 19.9749851226807 31.5647487640381 81.2670516967773 81.2670516967773 113.931266784668 124.234992980957 119.303535461426 75.2263259887695 48.8159828186035 25.8650341033936
225.062210083008 227.270767211914 209.538375854492 161.852813720703 175.286437988281 225.885665893555 225.579986572266 183.989135742188 100.748863220215 170.353561401367 203.066497802734 140.897125244141 50.3620223999023 50.2029228210449 44.7101783752441 39.5094909667969 40.5092582702637 53.7990074157715 65.8255233764648 201.15251159668 184.310424804688 159.982284545898 76.8461685180664 119.085403442383 100.38094329834 172.867004394531 59.7745780944824 49.963321685791 35.2325592041016 35.5105628967285 74.0697860717773 91.6642456054688 36.6651496887207 33.2315101623535 35.2751083374023 41.0040664672852 34.9332695007324 27.1538829803467 41.5812454223633 38.4751014709473 82.0751724243164 143.270141601562 146.602630615234 127.738014221191 126.531944274902 127.555213928223 126.768821716309 134.814682006836
134.37385559082 166.016067504883 193.401992797852 181.505737304688 155.094589233398 152.231185913086 166.556289672852 187.500228881836 172.55241394043 176.242263793945 190.654144287109 208.351470947266 193.453704833984 192.021697998047 81.8311233520508 48.4183158874512 54.8847274780273 53.1632690429688 46.198844909668 190.64714050293 196.665542602539 184.615814208984 207.741027832031 144.73078918457 102.846160888672 126.847679138184 57.5007247924805 46.2313041687012 57.812915802002 57.812915802002 51.0979461669922 96.192512512207 99.4853439331055 36.9639472961426 41.2835731506348 35.5949440002441 37.4032096862793 139.843963623047 155.949783325195 145.564422607422 50.0033340454102 118.263832092285 157.042449951172 154.54557800293 155.320098876953 152.218048095703 153.708602905273 149.473526000977
110.264831542969 89.5339813232422 116.104835510254 167.439544677734 135.574081420898 149.867721557617 176.593688964844 181.518600463867 223.604568481445 191.682891845703 163.689743041992 188.500213623047 212.247497558594 214.888336181641 220.65885925293 70.4934997558594 65.9115600585938 146.359146118164 65.5311660766602 143.763702392578 195.041015625 193.621627807617 140.877014160156 105.674026489258 93.5307464599609 159.644393920898 140.873458862305 213.501754760742 210.1142578125 158.799667358398 207.933486938477 181.692962646484 142.338790893555 80.5419158935547 112.023803710938 56.3471374511719 140.905410766602 191.282516479492 162.386367797852 146.677658081055 159.602630615234 185.291656494141 182.482879638672 172.043594360352 156.672698974609 174.276596069336 181.332107543945 158.812255859375
238.132308959961 102.56867980957 125.703353881836 113.168014526367 111.498878479004 198.116973876953 225.407043457031 221.847549438477 196.786682128906 199.510238647461 225.435134887695 224.345718383789 220.550064086914 167.810409545898 157.91242980957 218.019119262695 218.350631713867 218.046630859375 129.907653808594 129.616104125977 160.792831420898 162.531021118164 93.243408203125 110.855758666992 95.2837829589844 102.195892333984 135.677307128906 173.7939453125 166.303939819336 215.109268188477 218.625244140625 196.322021484375 194.907669067383 200.123291015625 180.727233886719 191.160491943359 170.418106079102 194.103927612305 170.035293579102 202.304229736328 202.052795410156 207.487350463867 206.158508300781 206.734130859375 196.797698974609 200.576675415039 199.500213623047 202.052795410156
192.779663085938 134.547393798828 179.193557739258 144.107604980469 119.425010681152 175.597076416016 257.616638183594 253.006591796875 213.509567260742 201.910873413086 196.573989868164 186.18359375 233.423080444336 227.695709228516 175.24934387207 186.686904907227 232.40983581543 186.038528442383 151.414443969727 225.202133178711 158.710433959961 135.3994140625 97.5089721679688 106.284210205078 99.3797454833984 116.395874023438 118.823394775391 118.5087890625 154.204406738281 161.388763427734 159.644393920898 169.453048706055 222.694854736328 203.229751586914 225.225067138672 146.359146118164 155.320098876953 151.555267333984 150.691741943359 182.541320800781 202.584136962891 200.589965820312 208.828475952148 205.423950195312 145.660568237305 188.431243896484 213.75764465332 205.830841064453
225.235427856445 244.543106079102 295.144592285156 239.413864135742 295.745391845703 131.194519042969 166.572311401367 194.27815246582 180.680191040039 272.868713378906 226.07373046875 264.522827148438 177.880111694336 177.880111694336 145.92578125 266.346252441406 229.99348449707 239.23210144043 179.518798828125 191.275543212891 177.269104003906 93.7923202514648 101.869194030762 96.3604354858398 96.2410202026367 103.696670532227 111.73331451416 162.225158691406 171.082824707031 168.464630126953 173.438751220703 170.64289855957 227.253890991211 230.1962890625 228.80778503418 212.205093383789 202.94416809082 194 188.804138183594 201.557266235352 188.240097045898 178.502105712891 204.270248413086 217.003067016602 158.272964477539 151.077239990234 171.577972412109 168.464630126953
283.518951416016 307.737457275391 310.397064208984 201.693664550781 296.540618896484 316.386352539062 130.921096801758 130.63818359375 200.510177612305 193.527770996094 176.858703613281 229.122970581055 219.560928344727 278.686798095703 123.293685913086 112.669128417969 218.94367980957 188.812957763672 165.714614868164 182.899795532227 123.928741455078 158.765029907227 187.58464050293 176.647476196289 178.701797485352 172.127853393555 184.956756591797 185.532562255859 219.721038818359 255.654067993164 240.491851806641 195.767715454102 188.93473815918 188.048751831055 201.743240356445 203.708938598633 194.098770141602 187.500228881836 179.525299072266 192.424011230469 186.655654907227 188.859741210938 202.652404785156 200.920379638672 234.235641479492 166.007034301758 182.748458862305 173.7939453125
336.455535888672 320.276428222656 305.334228515625 291.791595458984 296.557464599609 305.583587646484 304.253723144531 203.210067749023 175.571441650391 130.50798034668 144.237075805664 134.64892578125 305.886138916016 308.889953613281 106.978187561035 144.357192993164 195.720031738281 208.461029052734 128.79052734375 120.649627685547 137.502731323242 216.703323364258 224.513549804688 273.576934814453 292.428344726562 246.736694335938 211.405609130859 202.722305297852 249.236831665039 276.234191894531 189.388488769531 185.372604370117 194.131393432617 213.851196289062 262.968322753906 268.173461914062 269.538482666016 255.206451416016 201.777923583984 192.166595458984 224.891830444336 241.334487915039 237.622253417969 243.097381591797 181.005523681641 195.72428894043 200.629837036133 215.949844360352
312.198669433594 328.673583984375 344.058624267578 300.481842041016 255.360534667969 215.105407714844 285.185913085938 274.347106933594 301 240.011108398438 289.227142333984 270.592559814453 256.796295166016 265.360748291016 115.500358581543 115.112991333008 122.463600158691 115.112991333008 144.21858215332 131.534530639648 159.453231811523 181.472686767578 182.046691894531 179.75260925293 208.2314453125 282.321319580078 249.957992553711 214.523498535156 308.934204101562 308.406127929688 286.812377929688 262.956909179688 211.665618896484 209.71647644043 211.06396484375 242.578506469727 190.003509521484 301.019927978516 313.904968261719 244.778137207031 207.061187744141 198.515319824219 294.924285888672 199.425003051758 282.135314941406 285.218048095703 273.975067138672 218.28727722168
350.602813720703 303.585784912109 324.990783691406 311.943908691406 217.030715942383 186.308883666992 293.573394775391 275.500152587891 286.070495605469 290.248748779297 296.12890625 278.808776855469 271.088531494141 204.179656982422 142.773712158203 108.486557006836 109.77400970459 118.845840454102 113.742401123047 124.564575195312 189.517807006836 232.657119750977 245.709182739258 220.595413208008 218.748718261719 235.159515380859 310.816680908203 308.121734619141 313.500122070312 307.037994384766 244.305816650391 221.856567382812 209.457229614258 220.130264282227 209.347396850586 327.966979980469 310.426055908203 185.138687133789 198.924606323242 205.222640991211 191.338272094727 188.650466918945 269.262573242188 205.932830810547 178.714859008789 185.831466674805 227.96272277832 297.117828369141
359.58447265625 339.046203613281 360.738586425781 329.322021484375 228.68537902832 214.684265136719 205.524536132812 211.665618896484 210.723358154297 209.213607788086 232.134292602539 231.970550537109 293.720947265625 306.431060791016 279.235260009766 186.903717041016 188.038116455078 196.553634643555 151.327453613281 134.388732910156 212.278900146484 298.650848388672 317.374114990234 312.442535400391 275.928131103516 253.003952026367 346.020721435547 328.964019775391 339.436798095703 317.872619628906 308.989227294922 236.275970458984 233.414505004883 322.924652099609 247.661727905273 193.789398193359 205.013000488281 209.815002441406 255.069274902344 201.673828125 196.166595458984 243.310501098633 190.989532470703 154.82356262207 182.168426513672 199.334732055664 283.507202148438 303.479827880859
402.571746826172 365.164794921875 248.590698242188 358.500122070312 259.052764892578 239.877746582031 240.042358398438 238.498077392578 258.016143798828 264.046081542969 302.929595947266 302.357940673828 317.46337890625 304.506713867188 295.895812988281 200.779312133789 172.236267089844 194.840957641602 187.488662719727 143.947906494141 177.933502197266 322.676818847656 312.000549316406 288.721893310547 256.266143798828 248.520294189453 261.687469482422 389.464172363281 269.599700927734 343.578704833984 342.199249267578 367.568145751953 303.414459228516 259.715881347656 247.176727294922 258.025207519531 244.217803955078 254.323287963867 323.240356445312 230.448120117188 196.295700073242 194.361343383789 188.579772949219 151.502471923828 169.66535949707 192.595428466797 253.016464233398 315.170318603516
415.703033447266 339.547241210938 278.985656738281 279.573486328125 352.425872802734 334.402954101562 333.195129394531 366.437347412109 358.3662109375 332.680541992188 336.425811767578 347.246795654297 343.262786865234 365.525634765625 233.440216064453 186.821655273438 164.775604248047 152.541793823242 155.564559936523 151.337371826172 154.690017700195 155.094589233398 204.130676269531 244.221206665039 213.179107666016 249.80192565918 258.826202392578 226.407455444336 263.447021484375 268.835144042969 319.928649902344 375.447723388672 267.49267578125 177.902587890625 172.650894165039 159.799880981445 165.439819335938 221.301452636719 204.903228759766 209.019927978516 211.202117919922 211.099502563477 184.502029418945 158.300354003906 184.586929321289 183.799713134766 226.385360717773 284.907012939453
424.157196044922 388.547729492188 366.444183349609 390.621734619141 395.575958251953 393.798156738281 389.503540039062 353.983520507812 357.032684326172 335.541351318359 364.854766845703 370.217498779297 385.986175537109 387.977233886719 232.61198425293 209.986511230469 210.338623046875 180.417114257812 188.340118408203 208.072906494141 198.096771240234 173.266647338867 196.451019287109 157.991561889648 187.334823608398 207.080505371094 231.605270385742 162.391494750977 168.454742431641 165.036361694336 179.291198730469 172.200469970703 186.539535522461 173.424331665039 167.257293701172 182.050354003906 178.277877807617 177.933502197266 167.105758666992 201.082901000977 186 205.427200317383 188.810317993164 170.459182739258 186.065399169922 200.903793334961 214.028030395508 208.998397827148
403.750335693359 388.6630859375 391.780975341797 398.944854736328 392.163665771484 389.401245117188 348.748229980469 363.799865722656 334.112243652344 350.783874511719 351.434692382812 370.233703613281 349.062072753906 290.644683837891 257.734344482422 227.930541992188 215.715866088867 216.071746826172 216.428588867188 227.046981811523 243.754653930664 255.805267333984 216.797912597656 202.643371582031 215.196029663086 177.218322753906 153.317749023438 156.532211303711 150.721603393555 144.08447265625 146.786697387695 151.357192993164 144.863159179688 144.001159667969 148.735778808594 160.446258544922 176.935958862305 176.264007568359 175.119964599609 167.255294799805 191.44450378418 225.646484375 206.211059570312 215.258758544922 182.226043701172 191.677673339844 217.708526611328 226.442779541016
402.739379882812 408.732604980469 391.824371337891 393.616973876953 388.382965087891 380.695861816406 402.512512207031 388.011596679688 388.666107177734 386.109222412109 351.542785644531 346.687652587891 344.952178955078 350.971496582031 366.247650146484 374.075317382812 254.759368896484 240.399673461914 262.507781982422 235.357177734375 227.026428222656 239.752655029297 224.94221496582 231.162994384766 262.429046630859 269.816589355469 215.306762695312 232.399078369141 147.466384887695 147.058944702148 159.144592285156 156.020294189453 150.646377563477 140.299682617188 130.419830322266 137.971008300781 153.278610229492 155.17839050293 153.265563964844 166.271865844727 157.487564086914 212.417037963867 223.960556030273 224.716110229492 202.412948608398 206.211059570312 228.291473388672 228.291473388672
408.181732177734 392.083312988281 388.952453613281 386.657897949219 390.635375976562 385.062347412109 372.564544677734 371.622131347656 390.97998046875 389.561706542969 360.651275634766 388.744567871094 385.344421386719 388.358520507812 383.294067382812 383.294067382812 367.807464599609 370.494720458984 350.098571777344 301.378509521484 233.671417236328 238.793487548828 232.1357421875 245.059860229492 390.580322265625 393.095397949219 265.319305419922 231.106750488281 168.511123657227 185.954299926758 170.488510131836 180.206359863281 177.587539672852 169.588714599609 168.29833984375 155.714477539062 145.548385620117 142.131393432617 136.269348144531 158.421371459961 156.099334716797 220.429122924805 229.011642456055 232.381149291992 218.516204833984 180.682968139648 222.327087402344 222.814575195312
408.246643066406 409.121429443359 398.214752197266 379.428955078125 383.839813232422 368.826507568359 357.863555908203 331.968383789062 353.644348144531 341.00439453125 381.587921142578 384.470184326172 340.362060546875 322.980377197266 284.037567138672 379.959655761719 381.083984375 355.734466552734 389.033416748047 355.522613525391 317.765625 247.895812988281 282.27880859375 348.690887451172 372.980346679688 317.214965820312 353.328918457031 371.065124511719 221.509216308594 375.420196533203 227.011749267578 221.825012207031 214.532821655273 321.310333251953 215.798522949219 185.48405456543 183.592849731445 163.298294067383 148.169952392578 139.736663818359 180.01481628418 181.643417358398 226.589935302734 210.928894042969 206.601867675781 175.102828979492 181.959701538086 185.769577026367
