sd_LGM.asc
NCOLS 429 
NROWS 360 
XLLCORNER -9.666666667 
YLLCORNER 36.083333333 
CELLSIZE 0.0416666666666667 
NODATA_value -3.4e+38 
[rows 231 to 251 of 360, columns 0 to 47 of 429]
-3.4e+38 -3.4e+38 -3.4e+38 -3.4e+38 -3.4e+38 -3.4e+38 -3.4e+38 -3.4e+38 -3.4e+38 -3.4e+38 -3.4e+38 -3.4e+38 -3.4e+38 21.7944946289062 25.3574447631836 24.3789520263672 24.3789520263672 30.072135925293 27.9702224731445 30.0499591827393 33.5012435913086 28.98850440979 37.8197479248047 49.112117767334 41.5491676330566 49.8029441833496 39.5094909667969 44.1361541748047 45.6106719970703 43.6501235961914 43.0967903137207 49.3389625549316 47.1274871826172 51.5008087158203 51.5881118774414 61.9919357299805 58.1578330993652 58.0717964172363 71.1500778198242 69.0820770263672 53.3291664123535 54.8087577819824 85.7146453857422 90.3622360229492 93.3113098144531 146.660598754883 150.372863769531 95.0385894775391
-3.4e+38 -3.4e+38 -3.4e+38 -3.4e+38 -3.4e+38 -3.4e+38 -3.4e+38 -3.4e+38 -3.4e+38 -3.4e+38 -3.4e+38 -3.4e+38 -3.4e+38 -3.4e+38 24.879711151123 21.5019378662109 24.2143211364746 25.890796661377 32.0052070617676 28.3607711791992 31.2143135070801 35.0428314208984 41.1460800170898 37.0405197143555 42.5793380737305 43.5469093322754 50.2692756652832 40.5503807067871 47.1274871826172 48.086727142334 45.1811180114746 50.7969818115234 52.6782684326172 63.4455146789551 52.3195304870605 51.5008087158203 81.6476135253906 66.7258071899414 63.9087905883789 65.4751892089844 48.1352272033691 48.5386428833008 79.5047149658203 91.8313674926758 136.137191772461 176.029357910156 133.885528564453 98.4394912719727
-3.4e+38 -3.4e+38 -3.4e+38 -3.4e+38 -3.4e+38 -3.4e+38 -3.4e+38 -3.4e+38 -3.4e+38 -3.4e+38 -3.4e+38 -3.4e+38 -3.4e+38 -3.4e+38 18.5831470489502 27.5378532409668 26.2868785858154 29.7153167724609 30.072135925293 27.2213153839111 27.0739727020264 35.5293312072754 36.0185127258301 33.5012435913086 39.5853500366211 43.6501235961914 41.7252922058105 42.3202095031738 40.4474983215332 44.0340766906738 46.5080642700195 51.2640228271484 46.5008964538574 44.657958984375 59.3408241271973 60.9289207458496 75.2617645263672 62.5539779663086 72.9817352294922 54.0647773742676 51.0816345214844 60.7700576782227 63.9713478088379 82.2739334106445 128.502914428711 145.726913452148 61.1010093688965 75.181999206543
-3.4e+38 -3.4e+38 -3.4e+38 -3.4e+38 -3.4e+38 -3.4e+38 -3.4e+38 -3.4e+38 -3.4e+38 -3.4e+38 -3.4e+38 -3.4e+38 -3.4e+38 -3.4e+38 24.5831928253174 27.3007926940918 27.7548789978027 26.4070701599121 28.213472366333 30.8598976135254 27.790885925293 29.5014133453369 41.1460800170898 43.1895065307617 41.5491676330566 42.0990905761719 42.7200202941895 42.0356979370117 44.5458564758301 52.1568145751953 55.1089820861816 50.5008239746094 58.5348892211914 50.5667877197266 46.9183692932129 61.2454071044922 61.4600143432617 49.9599838256836 36.8555755615234 46.3716850280762 63.6579399108887 85.0960235595703 98.1036834716797 102.889907836914 98.2157516479492 45.3982391357422 53.1130867004395 77.1059875488281
-3.4e+38 -3.4e+38 -3.4e+38 -3.4e+38 -3.4e+38 -3.4e+38 -3.4e+38 -3.4e+38 -3.4e+38 -3.4e+38 -3.4e+38 -3.4e+38 -3.4e+38 21.6333084106445 25.9679298400879 30.5122928619385 28.2901630401611 28.8270702362061 29.2802543640137 29.3655128479004 29.9054069519043 30.9892463684082 41.7252922058105 42.7823944091797 44.0605659484863 43.6615791320801 42 42.015869140625 45.0592193603516 44 51.5202217102051 50.540412902832 59.1805152893066 51.2640228271484 42.4538955688477 43.9810562133789 56.824291229248 40.6489028930664 36.6651496887207 50.2029228210449 63.5295219421387 94.6202926635742 100.021667480469 89.9184799194336 59.6322059631348 42.7707061767578 53.6687355041504 60.9289207458496
-3.4e+38 -3.4e+38 -3.4e+38 -3.4e+38 -3.4e+38 -3.4e+38 -3.4e+38 -3.4e+38 -3.4e+38 -3.4e+38 -3.4e+38 20.4042472839355 24.1729869842529 22.5462493896484 27.7548789978027 29.8161029815674 38.0043869018555 37.5099983215332 32.5115356445312 27.0554981231689 38.5010833740234 40.0041656494141 40.5503807067871 39.0683174133301 44.3771705627441 40.0666122436523 41.6213073730469 49.6420516967773 48.5420761108398 51.2087249755859 55.5067558288574 57.1430969238281 43.4089088439941 42.7707061767578 62.6923713684082 39.5516548156738 45.1774291992188 39.6862678527832 42.8524589538574 73.8534622192383 81.5413970947266 83.7993621826172 147.797164916992 82.540901184082 52.1440315246582 58.594654083252 45.5082397460938 56.3205108642578
-3.4e+38 -3.4e+38 -3.4e+38 -3.4e+38 -3.4e+38 -3.4e+38 -3.4e+38 -3.4e+38 -3.4e+38 -3.4e+38 -3.4e+38 -3.4e+38 -3.4e+38 28.1602554321289 25.1064395904541 31.5647487640381 32.6241226196289 38.0175399780273 31.2623310089111 40.0041656494141 39.0042724609375 36.8284301757812 43.9203834533691 42.2532043457031 38.5529937744141 42.1426162719727 45.2990074157715 47.5219230651855 46.057933807373 53.4509124755859 54 43.8216094970703 45.4899253845215 60.0444297790527 59.1016082763672 39.3954315185547 37.9868392944336 40.0790901184082 73.184700012207 79.0189819335938 72.5695037841797 89.7904968261719 93.0931396484375 59.4081916809082 61.0928268432617 54.7205009460449 51.7332916259766 51.4490051269531
-3.4e+38 -3.4e+38 -3.4e+38 -3.4e+38 -3.4e+38 -3.4e+38 -3.4e+38 -3.4e+38 -3.4e+38 -3.4e+38 -3.4e+38 25.3245601654053 24.0277614593506 25.5799407958984 26.9505729675293 29.3655128479004 29.2061634063721 29.2802543640137 38.5097389221191 39.5010566711426 48.2217102050781 40 41.5010032653809 36.9098014831543 38.5529937744141 41.6693344116211 34.0783424377441 43.4664611816406 43.0967903137207 47.815616607666 42.712215423584 54.6290512084961 60.7481155395508 59.6182289123535 37.8725929260254 59.2283706665039 47.0354461669922 52.9748382568359 85.4926910400391 76.0350799560547 70.8684234619141 64.4696273803711 43 58.2866477966309 50.7148895263672 55.865909576416 43.9658966064453 53.507007598877
-3.4e+38 -3.4e+38 -3.4e+38 -3.4e+38 -3.4e+38 -3.4e+38 -3.4e+38 -3.4e+38 -3.4e+38 -3.4e+38 -3.4e+38 24.1729869842529 28.6181755065918 26.0064086914062 32.1921310424805 30.4466743469238 29.7377433776855 29.7377433776855 30.1993370056152 26.5769329071045 29.9054069519043 29.8161029815674 31.8799839019775 32.9595718383789 40.5010299682617 45.1811180114746 40.9511909484863 36.2904930114746 41.2956809997559 49.943302154541 56.9561233520508 58.6600379943848 55.0484619140625 36.4737358093262 37.8725929260254 41.0731048583984 50.76416015625 43.6615791320801 41.3884048461914 47.5008773803711 49.9232749938965 54.3721733093262 71.1407089233398 106.056587219238 77.519889831543 62.0510559082031 85.1488876342773 55.4887390136719
-3.4e+38 -3.4e+38 -3.4e+38 -3.4e+38 -3.4e+38 -3.4e+38 -3.4e+38 -3.4e+38 -3.4e+38 -3.4e+38 -3.4e+38 24.5831928253174 23.5017738342285 25.0066661834717 34.2393531799316 31.2623310089111 35.0285606384277 35.0285606384277 35.6978073120117 32.6547584533691 32.6547584533691 33.2465553283691 33.5012435913086 33.6055564880371 45.7201614379883 44.2417602539062 48.6929168701172 46.2925491333008 43.293571472168 44.6019439697266 37.6076240539551 43.8634262084961 43.5545616149902 33.7243728637695 43.6615791320801 73.3848266601562 65.0922393798828 90.7983093261719 69.615608215332 82.8914947509766 85.0490036010742 78.1728820800781 87.0880813598633 88.6810760498047 78.3134689331055 57.2974700927734 83.6241607666016 94.044319152832
-3.4e+38 -3.4e+38 -3.4e+38 -3.4e+38 -3.4e+38 -3.4e+38 -3.4e+38 -3.4e+38 -3.4e+38 -3.4e+38 -3.4e+38 23 25.5147018432617 26.0256290435791 25.0066661834717 26.5392799377441 30.3534736633301 31.3421974182129 32.2541999816895 32.6036796569824 32.7871932983398 34.8472862243652 31.3421974182129 34.8281478881836 33.6055564880371 48.3356323242188 49.8698310852051 47.6060218811035 41.8847618103027 47.0567016601562 61.7845726013184 38.4317588806152 61.611686706543 50.76416015625 47.2581558227539 77.3649368286133 85.5043869018555 86.8696365356445 77.6208724975586 77.0540924072266 85.1488876342773 92.0814819335938 84.8842315673828 93.8633728027344 84.3879928588867 67.5351791381836 83.6121978759766 93.6287002563477
-3.4e+38 -3.4e+38 -3.4e+38 -3.4e+38 -3.4e+38 -3.4e+38 -3.4e+38 -3.4e+38 -3.4e+38 -3.4e+38 -3.4e+38 22.5166606903076 25.3245601654053 23.8956069946289 27.0061721801758 26.5141468048096 27.02467918396 27.0061721801758 38.7341346740723 34.3947677612305 34.3947677612305 34.8472862243652 34.0440902709961 33.645206451416 33.1813201904297 47.2475738525391 58.9236793518066 59.0959663391113 61.7845726013184 56.5007362365723 62.6923713684082 48.43896484375 49.3186912536621 66.0908432006836 66.1236190795898 48.1352272033691 74.2248840332031 70.009521484375 71.0422439575195 107.449211120605 159.031448364258 104.581703186035 116.80753326416 91.3910980224609 109.30233001709 101.572631835938 98.5207290649414 97.5004272460938
-3.4e+38 -3.4e+38 -3.4e+38 -3.4e+38 -3.4e+38 -3.4e+38 -3.4e+38 -3.4e+38 -3.4e+38 -3.4e+38 -3.4e+38 24.1315841674805 25.9679298400879 25.9679298400879 25 25.0266532897949 25.0066661834717 25.5016345977783 24.0069427490234 25 35.3836135864258 35.9212112426758 39.9499702453613 36.7559509277344 38.5270462036133 39.5010566711426 59.079044342041 63.1374168395996 55.9672508239746 70.4012298583984 64.0234298706055 56.2405548095703 61.9219932556152 68.4787063598633 71.3372268676758 54.4456901550293 70.5053176879883 56.824291229248 74.906608581543 83.0180740356445 97.6166000366211 72.5281524658203 84.9136810302734 92.872673034668 99.0774078369141 97.6166000366211 93.4737014770508 116.898818969727
-3.4e+38 -3.4e+38 -3.4e+38 -3.4e+38 -3.4e+38 -3.4e+38 -3.4e+38 -3.4e+38 -3.4e+38 -3.4e+38 -3.4e+38 23.5017738342285 26.1023616790771 24.7049255371094 25.5799407958984 24.5153007507324 25.0266532897949 25.0266532897949 24.54248046875 36.3730659484863 35.9212112426758 41.2431831359863 38.3014373779297 39.0683174133301 42 45.3688583374023 50.744457244873 61.2454071044922 60.2577781677246 66.8306350708008 65.5311660766602 71.6682205200195 78.7337265014648 83 76.3151397705078 61.6143913269043 87.5233306884766 74.5676422119141 83.5044937133789 67.2482986450195 78.4176864624023 74.0360260009766 83.7197723388672 84.9136810302734 85.7146453857422 93.6447219848633 97.6848678588867 103.016181945801
-3.4e+38 -3.4e+38 -3.4e+38 -3.4e+38 -3.4e+38 -3.4e+38 -3.4e+38 -3.4e+38 -3.4e+38 -3.4e+38 -3.4e+38 25.1064395904541 26.0576286315918 25.6320114135742 24.54248046875 24.0277614593506 25.0266532897949 25.0266532897949 25.0266532897949 25.5147018432617 39.1705665588379 39.2810401916504 36.8555755615234 40.0541305541992 47.9478874206543 39.2810401916504 40.5955657958984 53.7028846740723 56.8536148071289 64.3143310546875 63.0581741333008 74.8487396240234 81.5046005249023 76.3762588500977 78.0149536132812 78.8500671386719 71.5704803466797 69.8164291381836 76.6963729858398 56.1278305053711 72.1479949951172 66.0101013183594 85.7574081420898 82.0731353759766 87.580436706543 84.4452514648438 85.9088668823242 89.4483108520508
-3.4e+38 -3.4e+38 -3.4e+38 -3.4e+38 -3.4e+38 -3.4e+38 -3.4e+38 -3.4e+38 -3.4e+38 -3.4e+38 -3.4e+38 24.54248046875 25.6969509124756 24.1108551025391 23.1156520843506 24.7049255371094 23.4591846466064 26.1023616790771 18.1475429534912 23.643180847168 25.5147018432617 41.741268157959 40.3608703613281 43.6844749450684 45.544849395752 47.7214126586914 44.1059341430664 51.0294036865234 47.6480140686035 65.7368469238281 65.2559051513672 69.0096588134766 76.5919952392578 78.4176864624023 75.3193206787109 65.6835861206055 84.2852325439453 82.0507965087891 59.9249534606934 51.1175117492676 67.4190902709961 62.7933120727539 66.6433258056641 82.2921600341797 77.1059875488281 79.8268966674805 80.7279357910156 74.0427780151367
-3.4e+38 -3.4e+38 -3.4e+38 -3.4e+38 -3.4e+38 -3.4e+38 -3.4e+38 -3.4e+38 -3.4e+38 -3.4e+38 -3.4e+38 25.059928894043 23.643180847168 23.5867195129395 23.643180847168 25.2388591766357 25.6969509124756 25.6320114135742 25.0266532897949 24.5153007507324 25.0266532897949 25.0266532897949 43.5545616149902 44.1059341430664 40.0666122436523 46.3609046936035 36.7740859985352 43.8634262084961 50.4678115844727 53.8918685913086 71.458610534668 72.3901443481445 71.7565307617188 46.679759979248 61.1746139526367 71.5145645141602 49.5714988708496 56.7567901611328 39.5010566711426 53.1632690429688 47.8992004394531 56.6656875610352 66.5507354736328 60.7481155395508 62.9152870178223 70.9953079223633 63.213924407959 64.7482299804688
-3.4e+38 -3.4e+38 -3.4e+38 -3.4e+38 -3.4e+38 -3.4e+38 -3.4e+38 -3.4e+38 -3.4e+38 -3.4e+38 -3.4e+38 24.0069427490234 22.8108158111572 25.5408172607422 25.0266532897949 25.5147018432617 24.0277614593506 24 25.6320114135742 24.0624179840088 28.148416519165 25.059928894043 29.0229797363281 27.7368583679199 20.5507507324219 38.9358444213867 42.3595733642578 44.2304573059082 45.9238510131836 51.4036331176758 62.9841232299805 45.4899253845215 60.8029594421387 63.2639961242676 57.709041595459 49.9733276367188 43.5545616149902 47.2581558227539 45.2806053161621 59.1805152893066 67.7224731445312 78.0533981323242 70.0214233398438 69.0386352539062 55.5367736816406 50.0832633972168 50.8625602722168 57.4920272827148
-3.4e+38 -3.4e+38 -3.4e+38 -3.4e+38 -3.4e+38 -3.4e+38 -3.4e+38 -3.4e+38 -3.4e+38 -3.4e+38 -3.4e+38 24.1108551025391 23.3523731231689 24.7049255371094 25.7746639251709 25.1064395904541 25.8650341033936 25.5342903137207 25.3245601654053 25.1661148071289 26.1597652435303 25.059928894043 27.1845550537109 26.5141468048096 40.4516181945801 37.5810241699219 44.836742401123 44.6019439697266 46.5080642700195 46.6940383911133 42.7901840209961 50.6392478942871 72.7530059814453 74.8487396240234 59.5846748352051 70.0595016479492 77.6552200317383 80.8764495849609 57.9511299133301 60.1692047119141 65.2559051513672 68.6027221679688 57.1168403625488 67.6387481689453 57.8388557434082 60.119327545166 58.6600379943848 45.9020690917969
-3.4e+38 -3.4e+38 -3.4e+38 -3.4e+38 -3.4e+38 -3.4e+38 -3.4e+38 -3.4e+38 -3.4e+38 -3.4e+38 26.6645832061768 24.7049255371094 23.8956069946289 23.8956069946289 24.1729869842529 24.3378982543945 23.3523731231689 24.7857494354248 24.879711151123 24.6373691558838 24.9866638183594 24.879711151123 26.6333122253418 24.7857494354248 43.6615791320801 43.4089088439941 42.712215423584 54.0277709960938 48.3356323242188 49.4873733520508 51.0718460083008 48.6860694885254 53.8175926208496 61.133731842041 63.6474647521973 70.6706008911133 83.5164642333984 79.7767715454102 63.6474647521973 54.1971702575684 47.6969604492188 54.6717491149902 57.0116958618164 62.0671691894531 57.4920272827148 57.2974700927734 53.6749458312988 50.408332824707
-3.4e+38 -3.4e+38 -3.4e+38 -3.4e+38 -3.4e+38 -3.4e+38 -3.4e+38 -3.4e+38 -3.4e+38 -3.4e+38 25.4230861663818 25.2388591766357 23.8956069946289 19.1572437286377 24.4404029846191 24.2487106323242 23.259407043457 23.4591846466064 23.5796527862549 22.8108158111572 19.1572437286377 23.8956069946289 25.2388591766357 24.7049255371094 43.0967903137207 48.6621017456055 47.2581558227539 48.5901222229004 45.4569396972656 45.4569396972656 49.7426719665527 53.563045501709 56.824291229248 65.01025390625 78.5047760009766 78.7802886962891 71.8076095581055 62.0671691894531 50.0233268737793 54.5618896484375 54.4548759460449 50.302417755127 46.4865570068359 54.1510238647461 55.5007514953613 54.1971702575684 50.0299911499023 53.8423614501953
