sd_LGM.asc
NCOLS 429 
NROWS 360 
XLLCORNER -9.666666667 
YLLCORNER 36.083333333 
CELLSIZE 0.0416666666666667 
NODATA_value -3.4e+38 
[rows 147 to 167 of 360, columns 343 to 391 of 429]
145.502578735352 180.236877441406 174.115859985352 183.287567138672 197.393859863281 138.488265991211 121.459182739258 99.2186126708984 153.795318603516 145.114898681641 153.887405395508 210.272048950195 154.846160888672 77.1643295288086 65.7444534301758 79.3557357788086 72.2795486450195 72.4522857666016 65.0333251953125 69.5413513183594 73.1117858886719 69.2844390869141 60.2328796386719 73.7925033569336 94.1293411254883 129.104614257812 72.4522857666016 67.3374557495117 66.9427642822266 74.2248840332031 59.657356262207 60.605281829834 73.7495727539062 42.7707061767578 35.5715255737305 32.5320358276367 35.0285606384277 58.5178031921387 37.0989685058594 38.1881294250488 33.7786903381348 33.827995300293 32.3161468505859 32.186954498291 34.1516227722168 54.990909576416 56.2968330383301 58.1406326293945 59.657356262207
157.544708251953 153.663055419922 170.89860534668 182.61799621582 202.80778503418 49.5714988708496 65.6429748535156 58.5064086914062 127.570892333984 127.448028564453 162.358657836914 162.016464233398 73.8196029663086 49.3389625549316 76.4286193847656 75.6394958496094 78.3134689331055 77.6552200317383 46.1844139099121 59.5007019042969 76.3762588500977 73 54.1233177185059 61.9919357299805 86.4946975708008 135.662567138672 61.5386047363281 80.556396484375 137.273452758789 87.9261016845703 65.0717544555664 64.4670486450195 38.7427406311035 45.0814094543457 62.9603042602539 41.6813316345215 34.7706756591797 35.3836135864258 35.3836135864258 33.5608901977539 37.1662940979004 34.7706756591797 33.1511688232422 60.6162796020508 60.9289207458496 34.8281478881836 63.6107940673828 66.0908432006836 66.1614151000977
164.001022338867 167.024948120117 177.223022460938 183.350296020508 80.6163787841797 41.2189292907715 52.2908515930176 55.8301010131836 120.577774047852 75.8309555053711 179.567077636719 78.3602752685547 62.3858947753906 78.7993240356445 68.2422180175781 62.7481727600098 74.6614608764648 80.6494445800781 79.1707000732422 83.2646408081055 76.3762588500977 69.9452133178711 59.9110450744629 71.0656967163086 135.588836669922 115.658981323242 114.805633544922 93.8527221679688 116.528968811035 127.508171081543 71.0422439575195 51.1598815917969 61.2454071044922 63.9087905883789 62.1476745605469 63.9713478088379 40.7717208862305 36.0138854980469 36.1155548095703 36.8962516784668 33.4215507507324 32.5934562683105 37.0270156860352 62.2655601501465 74.0427780151367 63.0026435852051 45.9238510131836 75.6240692138672 65.5057220458984
152.106323242188 72.9680328369141 81.2834548950195 71.2343521118164 62.3618469238281 66.463020324707 86.7429122924805 83.5044937133789 81.0020599365234 76.1730499267578 74.8754501342773 74.648063659668 76.1402206420898 76.6224517822266 78.2325592041016 71.2203140258789 75.1864318847656 67.715087890625 72.5695037841797 66.8431015014648 80.6494445800781 81.941032409668 51.6946144104004 61.1473617553711 86.4079437255859 89.7236480712891 93.5752792358398 70.8119583129883 58.4494094848633 70.8684234619141 89.9129180908203 87.7268524169922 65.607421875 67.715087890625 67.6781616210938 61.2127456665039 55.9732093811035 45.3247528076172 72.1133346557617 65.1869125366211 44.4409713745117 36.3501472473145 43.4856300354004 44.6019439697266 76.0350799560547 71.6309967041016 90.2791976928711 65.3783874511719 60.4676208496094
149.533721923828 68.1566848754883 87.9621124267578 56.7655982971191 92.6516799926758 77.1837615966797 76.4613189697266 75.3193206787109 79.1033096313477 78.2325592041016 77.0908584594727 106.603630065918 110.013633728027 69.7447738647461 66.905403137207 73.2142944335938 70.2163314819336 107.155647277832 69.9738082885742 58.620246887207 82.3792037963867 82.3792037963867 84.1249084472656 77.7838897705078 64.7018814086914 69.0603637695312 73.2142944335938 69.2916564941406 83.0321197509766 75.9407653808594 62.0725364685059 43.8444213867188 67.9877471923828 88.2855224609375 51.6268653869629 68.9226608276367 67.1217803955078 67.9779357910156 43.7149848937988 67.1217803955078 46.9183692932129 38.7599449157715 39.5010566711426 45.544849395752 64.5316467285156 53.678050994873 92.0018081665039 74.056282043457 64.3454208374023
78.621452331543 89.0299606323242 104.76163482666 95.8592681884766 89.4483108520508 61.6143913269043 75.0088882446289 81.4022903442383 81.7333068847656 75.6593246459961 60.0111083984375 73.7857284545898 67.616569519043 70.4485626220703 71.5821228027344 92.137580871582 69.0096588134766 67.8159255981445 72.8583068847656 63.5400123596191 91.9637603759766 52.3195304870605 79.8394241333008 86.6737213134766 85.9786758422852 84.2397384643555 85.2369232177734 57.7148170471191 74.7685317993164 83.69189453125 59.0254173278809 85.7049179077148 46.8757209777832 62.0671691894531 67.3572540283203 58.5861206054688 78.4495620727539 46.679759979248 73.9797286987305 79.6806106567383 49.1528244018555 43.6615791320801 45.1700477600098 70.8684234619141 72.5695037841797 70.4934997558594 61.8492774963379 64.5832824707031 71.4865951538086
74.3258590698242 85.4575881958008 85.6757431030273 99.1413116455078 103.365051269531 69.8665390014648 63.6631774902344 66.0101013183594 80.2059860229492 70.3586044311523 70.6139755249023 68.2373275756836 72.1757125854492 69.5868759155273 72.665901184082 70.4651184082031 72.0162048339844 60.9179763793945 72.665901184082 64.8999252319336 69.1688766479492 64.3920288085938 85.2310562133789 65.9570541381836 91.5769271850586 93.2165908813477 89.0917129516602 90.2662734985352 80.7114181518555 91.7841644287109 88.7073822021484 82.1299819946289 86.7467575073242 63.893138885498 61.8088455200195 64.7868270874023 79.7767715454102 85.2467041015625 79.7767715454102 44.8441734313965 83.5842895507812 81.635368347168 49.7895584106445 44.7995529174805 47.0779495239258 67.5351791381836 81.3469924926758 139.843963623047 63.9296493530273
67.3374557495117 81.0987091064453 72.1549224853516 120.790451049805 90.6035308837891 52.0512580871582 94.8384628295898 67.5573806762695 45.6544990539551 64.8999252319336 49.9232749938965 47.5219230651855 55.2177505493164 112.952789306641 49.6689033508301 46.436336517334 48.8671684265137 53.8423614501953 65.0922393798828 45.2364158630371 57.5528755187988 87.4699935913086 53.9475059509277 85.6757431030273 95.8662261962891 55.0847816467285 97.2471084594727 92.4247436523438 90.5612106323242 95.5056686401367 55.1754760742188 83.69189453125 88.1608352661133 91 54.848274230957 58.3894958496094 57.1343460083008 58.6429862976074 85.7574081420898 78.5005340576172 74.4737091064453 53.3510398864746 49.0951461791992 75.8705062866211 78.5620803833008 88.0473327636719 93.0609130859375 54.5802154541016 54.7935523986816
48.0555229187012 97.2779541015625 125.532203674316 120.142967224121 103.871719360352 121.549713134766 103.116439819336 99.6209487915039 97.7974090576172 54.5007629394531 50.1098785400391 57.1780853271484 47.003547668457 58.6884422302246 114.373657226562 55.1573524475098 44.657958984375 112.769676208496 93.1826171875 44.1927604675293 62.2923202514648 53.3572845458984 110.001518249512 100.593238830566 101.19947052002 90.8129959106445 100.10661315918 98.4902725219727 97.2076797485352 56.0446243286133 96.0902328491211 91.3290786743164 74.7685317993164 87.7515411376953 76.6028747558594 63.1294975280762 57.4572296142578 58.9660911560059 87.1550369262695 84.3583602905273 80.6370468139648 89.6232833862305 78.7993240356445 53.7773170471191 91.5004577636719 55.9404449462891 52.5769271850586 80.6370468139648 77.7002792358398
119.176338195801 115.975570678711 119.03360748291 122.07511138916 119.55891418457 122.720550537109 118.727981567383 99.4535064697266 42.1584320068359 27.7368583679199 33.0050506591797 31.9739475250244 31.1929473876953 25.8134326934814 117.172241210938 29.8663692474365 61.7332954406738 117.240493774414 123.678344726562 115.892189025879 59.4081916809082 50.5865592956543 56.9297828674316 109.637283325195 98.4902725219727 97.3361892700195 54.5007629394531 53.563045501709 95.5056686401367 55.380500793457 55.3022003173828 53.144458770752 62.7880020141602 53.4509124755859 39.9541397094727 77.3239974975586 74.7685317993164 78.3730392456055 103.793060302734 58.2866477966309 64.4696273803711 53.2541084289551 86.9712600708008 50.8560066223145 41.0365676879883 36.0416412353516 91.5223083496094 82.4863662719727 76.054801940918
134.619216918945 127.895790100098 122.845428466797 125.821304321289 126.89102935791 117.823310852051 93.6180191040039 67.8699722290039 56.1990509033203 43.5009574890137 47.9200706481934 25.9422435760498 19.4679222106934 98.20556640625 34.2685470581055 38.0701103210449 98.4902725219727 98.6779251098633 124.5966796875 64.2572937011719 122.165191650391 118.685859680176 61.7116966247559 114.509094238281 118.238456726074 56.6068305969238 57.0116958618164 49.3862342834473 55.8957366943359 53.3791465759277 94.5727233886719 101.533248901367 58.4322967529297 40.037483215332 38.0701103210449 39.3954315185547 57.0730514526367 38.1881294250488 54.1233177185059 84.787971496582 22.4796199798584 9.60902309417725 23.5017738342285 37.7403411865234 80.9505996704102 50.0299911499023 95.5667343139648 86.0871658325195 78.5620803833008
144.21858215332 125.071975708008 126.685966491699 127.472869873047 106.978187561035 78.3602752685547 62.1798477172852 60.1775169372559 33.6501617431641 45.0037040710449 21.1266021728516 63.1294975280762 26.8576488494873 123.228782653809 126.902847290039 129.129135131836 99.6711273193359 23.5796527862549 19.5192203521729 36.1708908081055 52.0800666809082 102.753753662109 126.033065795898 118.050834655762 124.540489196777 37.9868392944336 33.7243728637695 35.5949440002441 35.2325592041016 117.05126953125 104.519538879395 114.660369873047 56.1278305053711 25.4820194244385 24.4199371337891 21.7944946289062 3.46410155296326 33.9754829406738 34.3850746154785 32.6036796569824 24.2143211364746 52.5737571716309 102.519920349121 97.9047164916992 99.0774078369141 88.0851898193359 90.8973770141602 85.031364440918 72.6704864501953
149.038024902344 134.704620361328 119.716331481934 137.413009643555 138.589324951172 134.767700195312 135.905609130859 132.604675292969 126.179763793945 100.221420288086 24.0069427490234 123.557006835938 94.3980941772461 17.3493518829346 14.5258388519287 14.5716619491577 20.5020332336426 16.5025253295898 27.02467918396 130.005126953125 128.502914428711 128.219863891602 112.255661010742 128.508102416992 127.005249023438 50.1431274414062 34.4867134094238 31.6280460357666 65.3630905151367 121.577133178711 120.06803894043 33.1511688232422 32.4705009460449 24.0069427490234 18.5831470489502 64.6941528320312 50.2128791809082 23.0289669036865 27.6224536895752 33.3816299438477 44.613151550293 47.2863616943359 55.1935997009277 118.276512145996 91.9836959838867 92.527473449707 84.1249084472656 84.60693359375 78.5620803833008
146.660598754883 135.192459106445 135.857772827148 134.823333740234 139.947616577148 136.287689208984 140.652053833008 130.092269897461 136.551574707031 123.435546875 78.8056716918945 18.7349948883057 16.4620780944824 65.7596664428711 39.8036842346191 14.5716619491577 109.737564086914 24.54248046875 104.100914001465 27.3007926940918 75.4342956542969 42.0356979370117 104.987297058105 131.031799316406 133.320419311523 131.005096435547 19.7315311431885 22.5166606903076 44.8590393066406 52.9748382568359 26.764404296875 32.8684234619141 25.9679298400879 35.5949440002441 59.093147277832 91.4275665283203 64.6632308959961 33.6005935668945 53.0031433105469 27.2274379730225 40.037483215332 121.527770996094 94.3839645385742 114.561485290527 116.035911560059 114.023391723633 122.01229095459 118.056480407715 132.408462524414
165.988952636719 143.791519165039 154.733108520508 138.384735107422 139.753356933594 138.35823059082 141.877883911133 145.397155761719 139.776016235352 108.669219970703 105.825325012207 117.042724609375 62.2173614501953 15.3079500198364 8.71779823303223 23.629077911377 11.3724813461304 107.03426361084 130.592239379883 16.6433162689209 26.5392799377441 105.399238586426 105.746551513672 109.805892944336 125.50830078125 125.061317443848 15.8219261169434 21.2837963104248 34.2685470581055 21.5483951568604 49.9599838256836 66.4931106567383 19.0087699890137 17.214334487915 31.1929473876953 133.525283813477 126.500328063965 61.3297119140625 115.013046264648 127 112.731246948242 113.808319091797 117.559913635254 97.1665267944336 105.267913818359 94.7065658569336 93.8367385864258 117.500350952148 110.500373840332
168.660415649414 157.944076538086 151.561874389648 145.660568237305 152.420471191406 149.537063598633 151.561874389648 145.348999023438 142.084487915039 137.587554931641 155.884567260742 143.774124145508 41 35.0761070251465 122.021858215332 76.5789337158203 11.6761865615845 42.7239189147949 122.541152954102 131.020355224609 132.590850830078 138.632614135742 142.057495117188 134.079574584961 105.291656494141 114.00146484375 46.317741394043 67.1217803955078 21.079216003418 24.9799919128418 38.0043869018555 39.5516548156738 24.2487106323242 19.3476963043213 28.0237998962402 34.8711929321289 92.0887222290039 133.005004882812 119.16934967041 106.226173400879 125.012001037598 132.080780029297 131.045791625977 102.528045654297 90.2348785400391 94.7435150146484 94.7435150146484 102.471130371094 102.417449951172
164.564071655273 150.672927856445 149.040267944336 152.997817993164 149.286071777344 142.916061401367 150.691741943359 154.442001342773 158.244537353516 162.825057983398 146.650375366211 137.720733642578 94.1930618286133 53.2666244506836 41.0649909973145 50.2692756652832 130.0205078125 114.631294250488 133.061386108398 106.744239807129 129.515762329102 141.142959594727 138.524368286133 139.631652832031 134.515182495117 135.537200927734 109.530815124512 104.806167602539 21.079216003418 26.0576286315918 46.6082954406738 61.2318000793457 16.5630111694336 22.1133441925049 134.178985595703 131.005096435547 134.031097412109 116.173721313477 121.022033691406 141.655685424805 146.010269165039 142.141952514648 135.635543823242 134.552337646484 100.134910583496 94.7435150146484 100.134910583496 101.065986633301 102.889907836914
162.102844238281 175.391937255859 157.735015869141 146.936492919922 166.8662109375 150.960266113281 150.154357910156 156.848129272461 171.348571777344 161.331954956055 155.320098876953 153.3525390625 137.409362792969 117.817657470703 26.0576286315918 30.5122928619385 123.597465515137 141.782699584961 145.293960571289 142.26383972168 145.8115234375 137.205444335938 136.568664550781 131.515518188477 111.037528991699 133.552734375 144.295989990234 148.018020629883 133.045104980469 15.1437559127808 46.2853469848633 52.8299140930176 89.1982803344727 138.120727539062 136.060043334961 141.118148803711 138.659057617188 135.011108398438 137.568161010742 126.001319885254 122.500343322754 142.117324829102 148.325088500977 147.327301025391 136.148208618164 100.848068237305 98.6120376586914 106.566101074219 115.509017944336
207.045883178711 169.343826293945 163.413589477539 166.865219116211 159.406188964844 162.930450439453 171.164642333984 170.118591308594 175.860733032227 166.602325439453 56.6303787231445 94.2991714477539 90.205322265625 56.9561233520508 142.423080444336 143.653518676758 135.208480834961 114.51782989502 112.001487731934 131.73078918457 145.8115234375 147.289962768555 143.336441040039 145.8115234375 147.191482543945 145.740631103516 145.740631103516 147.327301025391 134.725646972656 62.7933120727539 32.9089660644531 45.3468132019043 7 3.78593897819519 39.7156562805176 149.361968994141 129.893539428711 149.32292175293 115.50325012207 107.509689331055 134.970367431641 109.30233001709 137.535446166992 148.805236816406 118.528480529785 102.795913696289 107.099639892578 123.066375732422 123.066375732422
170.69563293457 179.410140991211 180.558395385742 173.55403137207 167.673294067383 169.827362060547 166.045181274414 164.925231933594 173.670181274414 124.644828796387 134.859191894531 112 54.3415107727051 91.5040969848633 147.074813842773 145.371932983398 139.234817504883 144.813674926758 148.288009643555 137.311080932617 147.886215209961 146.256622314453 145.740631103516 146.291946411133 146.80940246582 149.286071777344 149.767593383789 146.411514282227 149.923309326172 139.865417480469 96.0277709960938 102 58.620246887207 28.1602554321289 148.594528198242 141.947174072266 122.492179870605 150.96467590332 107.099639892578 101.500411987305 111.697509765625 136.258331298828 154.098449707031 138.236511230469 125.133262634277 125.646331787109 125.646331787109 147.366882324219 106.547332763672
200.327224731445 190.877792358398 171.545913696289 159.638137817383 154.15576171875 165.810134887695 158.575958251953 161.390823364258 162.594589233398 153.062072753906 161.947525024414 162.21076965332 135.433868408203 114.030700683594 15.9478311538696 143.785720825195 150.801193237305 150.765823364258 144.139984130859 149.697479248047 152.857238769531 150.96467590332 151.70036315918 149.767593383789 150.765823364258 153.278610229492 147.163177490234 139.607788085938 139.586288452148 146.256622314453 151.73112487793 104.001602172852 78.1366348266602 67.0894927978516 150.749237060547 149.373138427734 140.147537231445 132.140075683594 135.769409179688 114.093528747559 150.003326416016 143.336441040039 142.89973449707 122.747711181641 144.852798461914 148.122695922852 149.446762084961 133.245391845703 110.037872314453
