sd_LGM.asc
NCOLS 429 
NROWS 360 
XLLCORNER -9.666666667 
YLLCORNER 36.083333333 
CELLSIZE 0.0416666666666667 
NODATA_value -3.4e+38 
[rows 189 to 209 of 360, columns 294 to 342 of 429]
70.4651184082031 74.5408172607422 59.5007019042969 110.645080566406 122.173370361328 129.224609375 111.778053283691 106.368858337402 74.6614608764648 92.0289840698242 81.2054977416992 84.4452514648438 60.6547622680664 59.1974105834961 94.044319152832 99.3797454833984 82.6579284667969 99.0168304443359 95.0385894775391 85.7340850830078 67.3226089477539 57.0642929077148 79.7767715454102 81.2054977416992 76.5048980712891 77.008659362793 92.7703247070312 101.263679504395 105.628280639648 106.070732116699 139.908309936523 144.195465087891 138.355819702148 143.167739868164 150.204299926758 149.867721557617 151.753082275391 166.506256103516 169.045364379883 171.351486206055 210.915466308594 249.645751953125 251.913345336914 247.945556640625 250.599945068359 274.898773193359 275.987915039062 273.473937988281 281.709655761719
32.0780296325684 72.665901184082 105.339134216309 115.327072143555 89.5004653930664 121.919372558594 112.095199584961 86.6390991210938 59.3408241271973 87.5119018554688 89.8220443725586 49.5075759887695 21.5483951568604 43.30126953125 107.405769348145 101.533248901367 92.25146484375 96.934684753418 99.8749237060547 100.976898193359 91.5277709960938 97.2231140136719 95.5109100341797 89.2692565917969 84.5596466064453 93.3291702270508 102.327903747559 100.021667480469 105.076164245605 108.871482849121 149.486892700195 146.158584594727 151.186416625977 153.135009765625 157.429351806641 167.703109741211 172.635452270508 213.026596069336 226.089218139648 227.07341003418 251.428588867188 252.430847167969 254.363906860352 277.135955810547 277.252593994141 279.882720947266 281.414886474609 281.468170166016 285.211029052734
79.9249649047852 120.199836730957 95.4375915527344 106.522300720215 80.0749664306641 117.298767089844 83.1444549560547 76.8917007446289 71.0375518798828 116.528968811035 88.6359558105469 89.5339813232422 72.3809356689453 78.4283142089844 102.430465698242 106.828521728516 110.177131652832 107.461624145508 102.23991394043 103.563186645508 95.8453598022461 91.5914840698242 95.0157852172852 105.077751159668 108.15421295166 109.184860229492 111.718399047852 110.729400634766 111.509338378906 106.641143798828 112.970497131348 115.854797363281 120.40348815918 128.702499389648 214.357177734375 224.357604980469 220.930603027344 221.501693725586 250.314468383789 250.314468383789 253.294952392578 272.725128173828 281.230041503906 280.262390136719 282.002349853516 282.596893310547 281.668823242188 283.667053222656 283.437835693359
112.200714111328 114.581848144531 115.249008178711 112.053558349609 99.846549987793 91.767822265625 65.5057220458984 104.145729064941 119.209899902344 110.509429931641 84.6719131469727 82.9538040161133 76.7094116210938 79.2275238037109 112.291290283203 104.806167602539 94.537467956543 94.8736038208008 90.1628189086914 92.7739181518555 95.2522964477539 95.212043762207 100.570045471191 102.080032348633 104.882476806641 103.435974121094 110.977478027344 114.686531066895 126.294631958008 125.129264831543 129.677810668945 139.729507446289 141.56623840332 142.117324829102 143.627990722656 140.756286621094 224.406631469727 174.077575683594 235.725128173828 189.185089111328 266.512664794922 270.000610351562 286.302856445312 286.094970703125 287.552307128906 283.291961669922 285.952789306641 289.151062011719 288.205352783203
80.8517150878906 87.9317932128906 99.7145919799805 102.889907836914 98.3208999633789 92.3598022460938 73.1186218261719 70.1925888061523 115.975570678711 94.6942443847656 78.0149536132812 88.613395690918 79.1854400634766 104.557800292969 102.344192504883 102.313247680664 92.9318771362305 96.1266555786133 98.4598083496094 97.7087478637695 97.0274887084961 94.2974014282227 99.0605850219727 102.56867980957 112.601066589355 114.456687927246 115.794357299805 116.487480163574 124.729042053223 127.188835144043 141.196075439453 142.535369873047 145.548385620117 168.218109130859 180.13606262207 177.894165039062 180.668197631836 189.185089111328 194.844375610352 194.859771728516 277.178649902344 276.403686523438 286.412872314453 281.453948974609 282.223907470703 271.420959472656 248.765625 235.78874206543 248.439804077148
80.0270767211914 85.1723709106445 77.2420425415039 90.7817916870117 109.874168395996 81.9898376464844 81.2424392700195 89.757080078125 33.5012435913086 120.400718688965 86.396369934082 84.1803588867188 76.6311492919922 87.5918579101562 80.1810455322266 81.9023818969727 95.8401412963867 96.1301193237305 89.1683807373047 90.6697311401367 89.5228118896484 92.045280456543 95.8453598022461 97.2162551879883 111.216003417969 115.854797363281 132.78678894043 158.143402099609 163.836303710938 166.135482788086 173.609710693359 182.237030029297 182.500228881836 181.268676757812 185.152191162109 191.562866210938 190.662872314453 203.613189697266 202.786422729492 203.357650756836 212.64289855957 211.858444213867 280.6474609375 281.656402587891 274.594848632812 255.325286865234 -3.4e+38 -3.4e+38 -3.4e+38
80.2142944335938 82.213134765625 78.7675933837891 95.3467330932617 98.0866928100586 105.604606628418 87.3059768676758 87.3632278442383 30.5122928619385 141.747421264648 85.1586761474609 82.4034805297852 79.4313125610352 97.1099014282227 93.1504135131836 94.1134033203125 93.0017929077148 94.1930618286133 91.2797927856445 95.2907867431641 92.6012954711914 97.6882781982422 96.728141784668 98.2445907592773 105.957542419434 109.134475708008 145.588455200195 150.36067199707 160.86018371582 165.530456542969 183.328491210938 178.945053100586 187.77734375 184.684417724609 193.634536743164 200.05583190918 204.221282958984 201.321472167969 206.572021484375 210.295028686523 213.21662902832 213.586044311523 215.630081176758 -3.4e+38 -3.4e+38 -3.4e+38 -3.4e+38 -3.4e+38 -3.4e+38
110.753479003906 91.0988464355469 108.752014160156 120.760093688965 86.3095169067383 81.8372344970703 42.5088233947754 81.2670516967773 54.243278503418 114.770782470703 79.3872375488281 82.4034805297852 76.7398223876953 77.6230239868164 89.276725769043 88.4552612304688 86.3847961425781 92.3164825439453 91.8168487548828 94.6202926635742 93.5752792358398 95.5981140136719 100.955436706543 130.239517211914 142.116149902344 138.442520141602 148.500274658203 159.073364257812 162.093597412109 171.511901855469 175.966857910156 178.486221313477 186.065399169922 187.203994750977 150.442672729492 174.071823120117 210.965240478516 214.649322509766 210.928894042969 -3.4e+38 -3.4e+38 -3.4e+38 -3.4e+38 -3.4e+38 -3.4e+38 -3.4e+38 -3.4e+38 -3.4e+38 -3.4e+38
93.9272766113281 95.7566375732422 96.4641571044922 110.617958068848 114.552757263184 107.071624755859 73.6500701904297 110.11962890625 70.0309448242188 83.9781723022461 93.6162414550781 94.8700866699219 71.8401031494141 107.093414306641 89.6734848022461 85.2310562133789 84.5951156616211 86.9271697998047 92.4139251708984 93.0161285400391 90.3548583984375 106.706764221191 116.863166809082 122.747711181641 136.700408935547 139.736663818359 152.224609375 157.512969970703 161.786895751953 162.287811279297 175.847473144531 183.091049194336 183.538375854492 164.720977783203 -3.4e+38 -3.4e+38 159.502349853516 190.890014648438 -3.4e+38 -3.4e+38 -3.4e+38 -3.4e+38 -3.4e+38 -3.4e+38 -3.4e+38 -3.4e+38 -3.4e+38 -3.4e+38 -3.4e+38
107.70484161377 114.354713439941 109.91967010498 109.44100189209 94.1753692626953 89.3662872314453 75.6989669799805 103.058235168457 89.9851837158203 89.4483108520508 92.4247436523438 92.7433700561523 81.5924835205078 80.7279357910156 85.1430206298828 89.7050704956055 82.8633422851562 80.554328918457 82.2030029296875 82.6135559082031 89.7459411621094 91.1281127929688 95.8662261962891 104.844329833984 111.791473388672 113.859565734863 133.300415039062 152.893203735352 143.737030029297 144.086776733398 160.786605834961 170.64289855957 151 -3.4e+38 -3.4e+38 -3.4e+38 -3.4e+38 -3.4e+38 -3.4e+38 -3.4e+38 -3.4e+38 -3.4e+38 -3.4e+38 -3.4e+38 -3.4e+38 -3.4e+38 -3.4e+38 -3.4e+38 -3.4e+38
103.466583251953 92.3056488037109 56.9297828674316 95.631233215332 40.991870880127 87.1225204467773 99.0067367553711 98.5714645385742 85.9437789916992 84.9136810302734 69.4190139770508 70.3159561157227 78.0832901000977 94.5004425048828 82.7183990478516 87.0651092529297 81.1315841674805 82.8633422851562 82.9397354125977 83.0722579956055 88.7543411254883 90.1350860595703 92.3056488037109 92.8277969360352 105.531982421875 110.942924499512 138.904037475586 136.484436035156 146.46159362793 146.660598754883 154.254119873047 152.952056884766 146.922882080078 -3.4e+38 -3.4e+38 -3.4e+38 -3.4e+38 -3.4e+38 -3.4e+38 -3.4e+38 -3.4e+38 -3.4e+38 -3.4e+38 -3.4e+38 -3.4e+38 -3.4e+38 -3.4e+38 -3.4e+38 -3.4e+38
68.4202728271484 80.8537750244141 72.187255859375 108.346664428711 49.4098510742188 82.9839324951172 98.1478500366211 96.2929534912109 83.5044937133789 84.0713958740234 71.9745330810547 71.5565032958984 79.7767715454102 88.0586929321289 66.5832824707031 80.4072952270508 79.3998336791992 77.1059875488281 80.7114181518555 84.2931365966797 86.4946975708008 87.4299697875977 88.6359558105469 94.5991516113281 127.859298706055 128.970275878906 138.405197143555 135.50276184082 139.657913208008 143.1328125 147.561279296875 150.369537353516 -3.4e+38 -3.4e+38 -3.4e+38 -3.4e+38 -3.4e+38 -3.4e+38 -3.4e+38 -3.4e+38 -3.4e+38 -3.4e+38 -3.4e+38 -3.4e+38 -3.4e+38 -3.4e+38 -3.4e+38 -3.4e+38 -3.4e+38
67.5573806762695 111.503364562988 92.1900177001953 58.5178031921387 68.9226608276367 92.2623062133789 89.6679077148438 96.2098388671875 76.1774215698242 76.3697128295898 71.0023498535156 67.2681198120117 69.3493576049805 88.8988189697266 77.5972518920898 77.3713989257812 76.3740768432617 74.7952728271484 83.6679916381836 82.4701995849609 84.9136810302734 92.721809387207 98.723518371582 113.476867675781 130.354644775391 129.108474731445 129.245239257812 140.079742431641 -3.4e+38 -3.4e+38 -3.4e+38 -3.4e+38 -3.4e+38 -3.4e+38 -3.4e+38 -3.4e+38 -3.4e+38 -3.4e+38 -3.4e+38 -3.4e+38 -3.4e+38 -3.4e+38 -3.4e+38 -3.4e+38 -3.4e+38 -3.4e+38 -3.4e+38 -3.4e+38 -3.4e+38
63.4455146789551 41.5812454223633 73.5821533203125 88.1608352661133 52.1664009094238 70.5856475830078 80.5626068115234 94.4528121948242 67.1217803955078 71.8076095581055 61.8896865844727 62.9523620605469 65.3936767578125 86 74.7819061279297 78.3092193603516 79.2863998413086 80.8846893310547 82.0507965087891 89.8016357421875 94.3468780517578 95.7305221557617 114.583305358887 117.817657470703 128.554794311523 -3.4e+38 -3.4e+38 -3.4e+38 -3.4e+38 -3.4e+38 -3.4e+38 -3.4e+38 -3.4e+38 -3.4e+38 -3.4e+38 -3.4e+38 -3.4e+38 -3.4e+38 -3.4e+38 -3.4e+38 -3.4e+38 -3.4e+38 -3.4e+38 -3.4e+38 -3.4e+38 -3.4e+38 -3.4e+38 -3.4e+38 -3.4e+38
44.4409713745117 47.1487007141113 41.7891540527344 37.161808013916 59.5007019042969 60.3848762512207 53.6128082275391 82.5610885620117 63.0026435852051 66.5757751464844 52.538875579834 58.8472595214844 73.7857284545898 84.787971496582 74.7819061279297 75.9627075195312 78.5429840087891 82.2374572753906 91.1281127929688 93.7781066894531 108.638542175293 115.175231933594 122.871208190918 123.956985473633 -3.4e+38 -3.4e+38 -3.4e+38 -3.4e+38 -3.4e+38 -3.4e+38 -3.4e+38 -3.4e+38 -3.4e+38 -3.4e+38 -3.4e+38 -3.4e+38 -3.4e+38 -3.4e+38 -3.4e+38 -3.4e+38 -3.4e+38 -3.4e+38 -3.4e+38 -3.4e+38 -3.4e+38 -3.4e+38 -3.4e+38 -3.4e+38 -3.4e+38
58.2837867736816 56.8887786865234 45.3247528076172 74.298942565918 36.0970916748047 48.5214729309082 49.2375183105469 65.041015625 57.1664237976074 58.6429862976074 59.6517677307129 60.4510803222656 53.2259330749512 65.6835861206055 71.3582534790039 79.7307968139648 78.4495620727539 84.1803588867188 94.1435089111328 92.662467956543 123.029808044434 121.779853820801 140.478942871094 139.227630615234 -3.4e+38 -3.4e+38 -3.4e+38 -3.4e+38 -3.4e+38 -3.4e+38 -3.4e+38 -3.4e+38 -3.4e+38 -3.4e+38 -3.4e+38 -3.4e+38 -3.4e+38 -3.4e+38 -3.4e+38 -3.4e+38 -3.4e+38 -3.4e+38 -3.4e+38 -3.4e+38 -3.4e+38 -3.4e+38 -3.4e+38 -3.4e+38 -3.4e+38
56.6244926452637 49.3288269042969 46.1446990966797 31.3421974182129 35.679126739502 47.6480140686035 35.5949440002441 37.0720024108887 23.7135677337646 26.0256290435791 40.8697128295898 58.5348892211914 63.5085296630859 54.6473541259766 68.770149230957 80.8022308349609 83.362663269043 83.0321197509766 94.5357055664062 113.147399902344 135.078994750977 135.090087890625 171.436096191406 147.188095092773 -3.4e+38 -3.4e+38 -3.4e+38 -3.4e+38 -3.4e+38 -3.4e+38 -3.4e+38 -3.4e+38 -3.4e+38 -3.4e+38 -3.4e+38 -3.4e+38 -3.4e+38 -3.4e+38 -3.4e+38 -3.4e+38 -3.4e+38 -3.4e+38 -3.4e+38 -3.4e+38 -3.4e+38 -3.4e+38 -3.4e+38 -3.4e+38 -3.4e+38
54.1510238647461 54.8573913574219 42.1544761657715 44.2756500244141 39.2300910949707 55.7165451049805 37.8461799621582 62.864933013916 78.4368133544922 77.6745376586914 71.714714050293 42.6184616088867 48.8091506958008 65.2405776977539 76.8635177612305 86.3095169067383 89.8220443725586 94.5727233886719 120.831840515137 107.155647277832 158.24137878418 145.340972900391 170.541290283203 -3.4e+38 -3.4e+38 -3.4e+38 -3.4e+38 -3.4e+38 -3.4e+38 -3.4e+38 -3.4e+38 -3.4e+38 -3.4e+38 -3.4e+38 -3.4e+38 -3.4e+38 -3.4e+38 -3.4e+38 -3.4e+38 -3.4e+38 -3.4e+38 -3.4e+38 -3.4e+38 -3.4e+38 -3.4e+38 -3.4e+38 -3.4e+38 -3.4e+38 -3.4e+38
53.6873664855957 57.8186836242676 55.6686630249023 62.6285362243652 58.7310256958008 54.9302597045898 34.6410179138184 51.4198417663574 42.712215423584 47.815616607666 40.6242942810059 43.6615791320801 45.3688583374023 39.1279945373535 77.0865325927734 87.5233306884766 102.56867980957 106.837882995605 119.139976501465 128.484756469727 156.844940185547 140.4599609375 -3.4e+38 -3.4e+38 -3.4e+38 -3.4e+38 -3.4e+38 -3.4e+38 -3.4e+38 -3.4e+38 -3.4e+38 -3.4e+38 -3.4e+38 -3.4e+38 -3.4e+38 -3.4e+38 -3.4e+38 -3.4e+38 -3.4e+38 -3.4e+38 -3.4e+38 -3.4e+38 -3.4e+38 -3.4e+38 -3.4e+38 -3.4e+38 -3.4e+38 -3.4e+38 -3.4e+38
52.7667808532715 58.5348892211914 56.6244926452637 56.9297828674316 54.0832710266113 44.7362632751465 37.161808013916 55.5907669067383 55.3654518127441 51.0979461669922 28.1839199066162 26.8514423370361 34.5591278076172 49.3288269042969 83.7695236206055 87.386116027832 89.31591796875 103.905403137207 122.066925048828 145.60334777832 176.539886474609 -3.4e+38 -3.4e+38 -3.4e+38 -3.4e+38 -3.4e+38 -3.4e+38 -3.4e+38 -3.4e+38 -3.4e+38 -3.4e+38 -3.4e+38 -3.4e+38 -3.4e+38 -3.4e+38 -3.4e+38 -3.4e+38 -3.4e+38 -3.4e+38 -3.4e+38 -3.4e+38 -3.4e+38 -3.4e+38 -3.4e+38 -3.4e+38 -3.4e+38 -3.4e+38 -3.4e+38 -3.4e+38
54.5924301147461 53.1632690429688 52.9748382568359 57.4543304443359 40.037483215332 43.5469093322754 35.3034477233887 50.408332824707 38.5097389221191 45.544849395752 53.7246055603027 39.6862678527832 31.7227573394775 44.6355628967285 68.6367263793945 69.8736953735352 88.1608352661133 90.1628189086914 120.831840515137 163.26155090332 -3.4e+38 -3.4e+38 -3.4e+38 -3.4e+38 -3.4e+38 -3.4e+38 -3.4e+38 -3.4e+38 -3.4e+38 -3.4e+38 -3.4e+38 -3.4e+38 -3.4e+38 -3.4e+38 -3.4e+38 -3.4e+38 -3.4e+38 -3.4e+38 -3.4e+38 -3.4e+38 -3.4e+38 -3.4e+38 -3.4e+38 -3.4e+38 -3.4e+38 -3.4e+38 -3.4e+38 -3.4e+38 -3.4e+38
