sd_LGM.asc
NCOLS 429 
NROWS 360 
XLLCORNER -9.666666667 
YLLCORNER 36.083333333 
CELLSIZE 0.0416666666666667 
NODATA_value -3.4e+38 
[rows 63 to 83 of 360, columns 196 to 244 of 429]
94.6361465454102 94.3186111450195 62.6498222351074 55.5367736816406 57.8474998474121 59.6852874755859 58.7990913391113 55.1845397949219 53.9258766174316 52.8803672790527 60.6712455749512 54.9939384460449 52.8866729736328 53.2666244506836 55.1573524475098 53.2008781433105 34.6410179138184 34.9332695007324 36.6651496887207 33.2315101623535 42.0039672851562 28.7286148071289 40.426887512207 12.2882061004639 18.3393936157227 24.9466094970703 5.68624067306519 6.92820310592651 7 64.2572937011719 102.89315032959 107.374732971191 106.208915710449 85.7146453857422 14.1891975402832 9.64365100860596 7.23417806625366 10.6926765441895 11.0151414871216 11.9303531646729 11.5325622558594 12.1243553161621 18.1934051513672 11.0151414871216 4.58257579803467 8.08290386199951 5.77350282669067 13.0128145217896 13.0128145217896
64.5832824707031 66.1084976196289 64.1274795532227 62.5219955444336 65.4751892089844 63.5164031982422 64.9332962036133 64.8151245117188 66.1538619995117 60.3572692871094 63.5164031982422 61.646842956543 63.3166656494141 62.2173614501953 60.4510803222656 57.2974700927734 58.0258560180664 54.0277709960938 51.5396270751953 51.156623840332 54.3537788391113 45.9020690917969 45.6544990539551 15.1327457427979 8.14452743530273 8.02080631256104 9.71253490447998 6.65832805633545 24.9466094970703 84.09716796875 84.1843185424805 67.4487457275391 21.3619594573975 10.5039672851562 6.50640726089478 8.18535232543945 9.60902309417725 10 8.08290386199951 8.96288681030273 19.2959403991699 37.2871742248535 24.2693214416504 22.2785396575928 8.14452743530273 11.8462371826172 12.7017059326172 19.42506980896 17.1561450958252
63.5924530029297 60.9015617370605 62.5219955444336 62.0026893615723 65.1178436279297 62.1315803527832 60.5309829711914 60.4758911132812 61.6549530029297 57.3614273071289 59.1016082763672 56.6156616210938 56.3234710693359 56.3234710693359 56.9239273071289 58.7054786682129 51.7332916259766 49.0747718811035 50.8461723327637 53.7773170471191 43.3474349975586 38.3144874572754 40.7798957824707 9.45163154602051 51.0718460083008 30.0499591827393 62.1798477172852 30.9246387481689 31.0053768157959 32.186954498291 36.5011405944824 44.9777717590332 47.815616607666 14.0118999481201 9.84885787963867 14.5716619491577 11.6761865615845 9.16515159606934 0.577350258827209 5.50757074356079 8.71779823303223 4.16333198547363 5.50757074356079 6.24499797821045 10.9696550369263 14.5716619491577 17.3493518829346 17.4355964660645 11.0151414871216
69.1182556152344 66.8904571533203 67.4858016967773 63.5295219421387 61.579216003418 63.7207450866699 61.8896865844727 64.9332962036133 66.0101013183594 68.1102066040039 65.4930038452148 62.9523620605469 65.3375854492188 59.732738494873 62.9523620605469 60.0999183654785 53.7990074157715 52.0800666809082 54.1479454040527 53.4633827209473 55.8957366943359 46.2276954650879 54.9302597045898 44.4559707641602 9.2915735244751 14.4337568283081 25.4230861663818 3.60555124282837 28.3607711791992 28.3607711791992 10.3923044204712 11.9303531646729 5.03322315216064 5.56776428222656 22.2785396575928 19.3993129730225 20.5020332336426 21.9393100738525 20.5020332336426 14.4683561325073 17.8978576660156 12.4899959564209 13.076696395874 11.1355285644531 17.3493518829346 20.5507507324219 23.1804523468018 12.5830574035645 17.4737892150879
64.3920288085938 62.2655601501465 63.4113540649414 60.9289207458496 60.9289207458496 61.1746139526367 61.3297119140625 60.1359558105469 61.6549530029297 61.2617340087891 60.6987075805664 60.307544708252 60.8714485168457 59.1016082763672 60.1082344055176 58.0459594726562 54.1694869995117 54.7448616027832 54.0401077270508 46.6082954406738 50.3884925842285 44.4672164916992 44.1701240539551 43.8786201477051 37.2692909240723 4.58257579803467 29.7153167724609 33.2866325378418 86.6390991210938 65.3834838867188 36.746883392334 12.0138807296753 10.1488914489746 4.50924968719482 15.8745079040527 19.5021362304688 23.3880310058594 22.6053085327148 22.2336082458496 18.6100330352783 19.9248580932617 21.1266021728516 18.2482872009277 18.009256362915 14.0118999481201 19.078784942627 20.8406658172607 16.165807723999 11.6761865615845
71.2343521118164 69.4070129394531 65.041015625 64.7018814086914 65.3171768188477 64.2987823486328 68.7386322021484 70.4934997558594 59.9694366455078 57.8302116394043 60.3683128356934 63.7364349365234 60.5309829711914 63.1294975280762 62.9470672607422 61.857364654541 60.575023651123 58.0717964172363 57.3614273071289 53.9258766174316 55.3202781677246 54.0955924987793 54.6717491149902 44.1625785827637 41.8847618103027 43.0851860046387 14.5716619491577 39.8497161865234 19.3476963043213 70.8119583129883 50.8166656494141 29.1947479248047 30.0388641357422 38.4751014709473 35.01904296875 13.7961349487305 14.5716619491577 23.6713619232178 21.9393100738525 23.3880310058594 22.2785396575928 21.6564083099365 20.2072601318359 15.5241746902466 23.6924743652344 24.2487106323242 19.078784942627 12.0138807296753 5.13160133361816
67.2111129760742 68.0881805419922 64.0728759765625 66.2294006347656 65.041015625 59.9082641601562 65.8710861206055 67.4190902709961 63.6945838928223 64.6941528320312 60.9289207458496 59.214298248291 60.1026916503906 60.6712455749512 58.5064086914062 59.366096496582 57.0116958618164 57.7148170471191 53.4633827209473 53.2666244506836 56.2168426513672 49.1663856506348 53.0031433105469 42.1465682983398 29.1604747772217 28.5832118988037 32.6241226196289 18.4752082824707 32.6547584533691 28.8848285675049 34.6987037658691 49.4873733520508 36.746883392334 42.2532043457031 14.5716619491577 15.9478311538696 21 22.2336082458496 20.0083312988281 22.2336082458496 21.3619594573975 18.5022525787354 16.5227108001709 16.5630111694336 15.5241746902466 15.0111074447632 13.0128145217896 11 9.01849937438965
73.184700012207 73.2006378173828 66.1211013793945 66.5607528686523 67.2631683349609 66.0101013183594 72.6704864501953 73.1186218261719 72.0208282470703 66.6133117675781 66.0530090332031 63.3429832458496 63.6945838928223 63.8774871826172 62.3645210266113 64.4437713623047 63.8148345947266 59.214298248291 57.8619041442871 56.7215423583984 56.7215423583984 54.3721733093262 52.7762565612793 43.4050674438477 44.7362632751465 54.1479454040527 45.2143058776855 23.1156520843506 23.2880516052246 34.4431915283203 32.3470764160156 20.5020332336426 19.078784942627 20.0748596191406 21.079216003418 20.2072601318359 17.3205089569092 12.7410097122192 18.6100330352783 20.5020332336426 22.1208801269531 19.5533466339111 18.2300109863281 18.009256362915 17.5214157104492 15.5241746902466 15.716233253479 13.3166561126709 14.0475387573242
70.8543090820312 70.1712188720703 73.9797286987305 69.2025985717773 70.7271728515625 71.1407089233398 70.0595016479492 68.3837203979492 70.3159561157227 68.2959213256836 67.1739044189453 61.2862129211426 63.4980316162109 63.5164031982422 61.4193229675293 59.732738494873 57.1430969238281 58.0459594726562 57.5007247924805 54.1694869995117 54.3721733093262 53.454029083252 53.1130867004395 43.4856300354004 44.0605659484863 32.6241226196289 36.5011405944824 25.7358379364014 6.24499797821045 3.51188468933105 0.577350258827209 3.05505037307739 6.65832805633545 18.1475429534912 24.2693214416504 16.7729949951172 17.6162796020508 16.2583312988281 13.2035350799561 17.009801864624 20.5182838439941 20.5182838439941 18.5562210083008 18.009256362915 18.009256362915 17.0880069732666 17.5214157104492 19.139835357666 19.139835357666
69.9452133178711 71.714714050293 71.0023498535156 72.3947525024414 73.3689270019531 73.3689270019531 71.2834701538086 69.9070816040039 70.3159561157227 70.7271728515625 64.373908996582 63.1743621826172 67.4190902709961 65.2099151611328 66.7108154296875 63.1743621826172 62.2173614501953 60.8522796630859 61.825023651123 57.8619041442871 58.0717964172363 56.9297828674316 55.0121192932129 56.3205108642578 45.0037040710449 43.0155029296875 43.6615791320801 45.9238510131836 38.7599449157715 24.2693214416504 10.5356540679932 2.64575123786926 5.56776428222656 24.8461933135986 23.5159511566162 18.770544052124 19.0525588989258 17.6162796020508 22.1208801269531 21.2837963104248 21.1266021728516 18.1475429534912 19.6044216156006 19.0350551605225 19.0087699890137 17.5214157104492 17.009801864624 19.5533466339111 19.6723155975342
71.0023498535156 68.3837203979492 72.3947525024414 70.2163314819336 69.0241470336914 69.3493576049805 69.2555618286133 68.461669921875 72.2311096191406 66.980094909668 65.5972595214844 68.2348861694336 64.6941528320312 65.3375854492188 63.1294975280762 60.8522796630859 60.4841575622559 59.9193916320801 57.5007247924805 56.9297828674316 53.7773170471191 55.3202781677246 56.2168426513672 55.9493827819824 38.223030090332 45.2143058776855 40.3773880004883 27.7308483123779 27.874719619751 24.7857494354248 7.02376937866211 16.0727519989014 23.2880516052246 25.1197128295898 24.5831928253174 25.1197128295898 20.0083312988281 20.0333061218262 18.5202598571777 19.0350551605225 19.078784942627 18.5562210083008 18.5562210083008 19.0087699890137 18.5022525787354 19 18 15.5026884078979 16.5025253295898
77.0540924072266 78.1558303833008 73.5481719970703 75.9736785888672 73 74.7417755126953 73.4325103759766 74.0967864990234 73.1117858886719 69.6371536254883 72.2311096191406 72.4729843139648 70.4934997558594 67.9509658813477 66.4253997802734 63.5714836120605 64.0728759765625 64.6297149658203 60.1026916503906 61.2318000793457 60.307544708252 57.2916526794434 58.0258560180664 46.8009986877441 46.8009986877441 46.5761032104492 51.0522613525391 42.2532043457031 43.0851860046387 41.6173057556152 23.6713619232178 23.1804523468018 26.0576286315918 24.8461933135986 26.2741947174072 26.8886585235596 20 20.5020332336426 20.2072601318359 22.1885852813721 21.6564083099365 20.5507507324219 21.5174350738525 22.5462493896484 19.42506980896 19.5192203521729 17.2433567047119 17.5594234466553 13.0128145217896
74.9599914550781 72.1410675048828 72.4522857666016 72.4522857666016 73.4325103759766 73.5549697875977 74.5408172607422 71.0422439575195 73.5549697875977 71.3582534790039 72.5695037841797 67.8159255981445 68.7895355224609 68.3690948486328 63.1743621826172 63.4113540649414 65.041015625 57.1430969238281 59.366096496582 55.749439239502 58.594654083252 56 56.9297828674316 45.3100433349609 43.0851860046387 44.0605659484863 43.0387420654297 43.0155029296875 34.3559799194336 33.4863166809082 25.1594905853271 24.5831928253174 26.2741947174072 23.5159511566162 27.1538829803467 22.0075740814209 20.0333061218262 22.6495037078857 24.7857494354248 24.0624179840088 24.1108551025391 23.0651245117188 23.5867195129395 23.0651245117188 19.078784942627 19.078784942627 17.5594234466553 16.2583312988281 13.5277490615845
80.5998382568359 81.5250473022461 79.4124221801758 76.7072372436523 75.9736785888672 75.9736785888672 72.7759094238281 73.6546020507812 74.4468460083008 69.7638854980469 72.8857574462891 72.0208282470703 66.8431015014648 66.4253997802734 66.980094909668 64.6297149658203 68.5370941162109 62.2923202514648 59.9082641601562 60.8522796630859 57.6570320129395 59.1805152893066 57.2625541687012 56.3205108642578 55.9493827819824 46.357307434082 56.1515808105469 44.1625785827637 45.2143058776855 38.7857360839844 36.4965744018555 38.888729095459 29.5127086639404 27.4286956787109 30.0222148895264 26.6895732879639 26.1023616790771 25.5799407958984 25.6320114135742 23.5867195129395 25.3245601654053 23.643180847168 22.5905590057373 20.6639785766602 17.8978576660156 16.8027782440186 16.7032928466797 16.5227108001709 14.7309198379517
80.7733459472656 75.3458709716797 82.6458282470703 74 73.6546020507812 74.9866638183594 71.0422439575195 71.1641311645508 73.5549697875977 75.3458709716797 72.2311096191406 69.5149841308594 71.1641311645508 70.6139755249023 67.1217803955078 66.1538619995117 63.7364349365234 64.2209701538086 61.7980575561523 60.9289207458496 57.7148170471191 54.6015853881836 56.1278305053711 56.6950912475586 55.6447067260742 51.2867736816406 49.4873733520508 51.2932739257812 48.6621017456055 30.9892463684082 36.6924133300781 27.0061721801758 27.0985851287842 25.0266532897949 30.8922863006592 26.1597652435303 24.6373691558838 25.5799407958984 23.797758102417 22.6495037078857 24.1729869842529 23.643180847168 23.0651245117188 16.165807723999 14.0475387573242 14.6401271820068 17.5023803710938 18.6100330352783 17.7857627868652
86.5235977172852 82.3974075317383 90.0074081420898 80.9341278076172 76.7072372436523 76.491828918457 78.6892623901367 79.6806106567383 75.6240692138672 75.8836822509766 72.4729843139648 72.9200439453125 72.8857574462891 72.3394775390625 67.1217803955078 68.5054779052734 66.7108154296875 62.7800407409668 63.4113540649414 62.3885688781738 62.3885688781738 61.8088455200195 58.2265701293945 58.0717964172363 58.594654083252 50.9345970153809 51.2152328491211 48.2320785522461 49.2375183105469 37.541088104248 40.8574752807617 36.8284301757812 31.8956623077393 30.0887584686279 28.6181755065918 28.0950775146484 25.6969509124756 24.5831928253174 21.5947532653809 21.0713081359863 24.6373691558838 24.7857494354248 23.259407043457 17.6918067932129 16.0416126251221 14.0118999481201 14.5716619491577 20.2072601318359 19.078784942627
88 80.068717956543 78.9451293945312 80.4072952270508 80.2994384765625 75.0355453491211 75.2617645263672 73 74.6391296386719 75.8836822509766 73.8196029663086 71.5844497680664 73.1117858886719 69.4766159057617 69.3421478271484 66.8605499267578 64.080680847168 59.9082641601562 61.0491600036621 59.7857284545898 48.5832633972168 48.0138854980469 47.815616607666 53.0031433105469 45.9601287841797 43.9658966064453 48.1282997131348 50.6392478942871 54.0277709960938 43.9810562133789 28.7460136413574 29.2061634063721 30.6648559570312 27.5015144348145 27.5741424560547 27.5741424560547 24.0277614593506 24.6373691558838 22.8108158111572 25.6969509124756 25.2388591766357 25.6320114135742 24.7049255371094 17.5214157104492 16.5227108001709 16.0934772491455 19.0350551605225 17.5023803710938 19.7568550109863
108.087928771973 87.6070785522461 88.0927505493164 81.9288330078125 82.7667388916016 78.1558303833008 79.3557357788086 80.4673843383789 78.2325592041016 78.0832901000977 78.3602752685547 79.3557357788086 77.6230239868164 70.9248428344727 72.2311096191406 68.9226608276367 65.7444534301758 52.8488426208496 63.4113540649414 51.7332916259766 49.9032402038574 50.0832633972168 59.5734825134277 51.0294036865234 48.2113418579102 49.9032402038574 59.7857284545898 51.9647331237793 46.6047210693359 42.712215423584 41.428653717041 33.8427734375 29.0229797363281 32.0832252502441 25.059928894043 26.764404296875 25.6969509124756 24.0624179840088 26.3122272491455 26.764404296875 26.3122272491455 26.8514423370361 28.0416355133057 18.5022525787354 18.009256362915 22.3681316375732 21.079216003418 21.1266021728516 23.7135677337646
91.029296875 86.5390090942383 83.3926467895508 85.6757431030273 86.6390991210938 84.6778182983398 75.6394958496094 80.2994384765625 81.8189086914062 80.002082824707 78.398551940918 77.4101638793945 75.0821762084961 71.3582534790039 66.3802185058594 63.1294975280762 64.9332962036133 66.8605499267578 52.2015342712402 53.6749458312988 50.4678115844727 49.3389625549316 49.5176734924316 50.2692756652832 49.9032402038574 49.9032402038574 50.0832633972168 45.3982391357422 43.5583915710449 40.6324996948242 38.5918807983398 31.6438522338867 40.513370513916 35.3694801330566 31.3421974182129 30.9892463684082 25.6320114135742 27.6827259063721 29.569128036499 27.0985851287842 26.6270542144775 25.5799407958984 26.9505729675293 25.1064395904541 23.797758102417 23.1156520843506 23.643180847168 24.6373691558838 19.6044216156006
149.790969848633 112.254173278809 94.5357055664062 92 96.5107955932617 93.0017929077148 88.5117721557617 77.485481262207 75.5667495727539 73.3689270019531 78.0832901000977 78.4792938232422 76.3347854614258 76.0679550170898 71.4726028442383 71.4726028442383 66.0101013183594 53.5194664001465 54.9302597045898 52.7857322692871 49.3254508972168 48.5695381164551 54.2862777709961 52.1664009094238 53.7246055603027 50.520622253418 49.3389625549316 49 47.6235237121582 49.3254508972168 46.679759979248 39.8036842346191 44.836742401123 36.1985282897949 40.0790901184082 25.4230861663818 29.3995456695557 24.0069427490234 24.1729869842529 28.5715484619141 29.5352897644043 28.0535202026367 28.5365257263184 26.2297534942627 26.1597652435303 25.1064395904541 25.6320114135742 24.1729869842529 23.4591846466064
151.159957885742 125.826599121094 93.0017929077148 86.7121658325195 93.0017929077148 87.6717376708984 77.0908584594727 79.8268966674805 79.4124221801758 73.8196029663086 78.4792938232422 77.1643295288086 74.4468460083008 74.4468460083008 71.3582534790039 69.0868988037109 53.4072418212891 54.8573913574219 50.5008239746094 51.0816345214844 51.432804107666 50.4678115844727 52.9150276184082 54.6839408874512 53.0031433105469 51.8844871520996 50.7674446105957 48.6860694885254 47.815616607666 47.0567016601562 42.712215423584 37.8725929260254 40.4516181945801 35.3694801330566 32.5934562683105 23.259407043457 24.879711151123 24.7857494354248 27.2213153839111 27.1538829803467 27.6224536895752 24.6373691558838 25.6969509124756 25.2388591766357 21.8250617980957 21.8250617980957 22.7229690551758 22.5905590057373 23.302360534668
