sd_LGM.asc
NCOLS 429 
NROWS 360 
XLLCORNER -9.666666667 
YLLCORNER 36.083333333 
CELLSIZE 0.0416666666666667 
NODATA_value -3.4e+38 
[rows 147 to 167 of 360, columns 336 to 383 of 429]
17.7857627868652 24.5017013549805 55.5607757568359 13.6503963470459 14.9777612686157 13.856406211853 14.7422294616699 12.2202014923096 14.4337568283081 21.5483951568604 23.643180847168 25.6969509124756 6.65832805633545 3.51188468933105 20.8406658172607 13.076696395874 23.643180847168 25.5342903137207 66.5657577514648 85.6582336425781 114.332847595215 116.345748901367 112.322448730469 120.682777404785 120.980712890625 118.361030578613 118.654960632324 120.682777404785 122.414596557617 118.671813964844 118.094596862793 107.769813537598 105.56672668457 119.001403808594 117.240493774414 118.971984863281 119.307723999023 119.249038696289 115.785720825195 118.73078918457 5.56776428222656 6.65832805633545 7.0945987701416 7.21110248565674 116.362937927246 6.65832805633545 6.65832805633545 7.0945987701416
25.5016345977783 14.1891975402832 15.2752523422241 17.776388168335 16.5025253295898 15.044379234314 20.4205780029297 21.9393100738525 87.0651092529297 79.7746810913086 53.7028846740723 15.9478311538696 30.3479824066162 30.0887584686279 30.8922863006592 21.8250617980957 23.0651245117188 45.6106719970703 61.7845726013184 113.476867675781 117.783699035645 120.093017578125 119.8095703125 121.260047912598 120.980712890625 119.232269287109 119.826263427734 122.118797302246 122.696098327637 121.280662536621 119.274192810059 110.963958740234 101.355812072754 119.578422546387 115.578254699707 106.350051879883 113.847854614258 118.424377441406 118.153854370117 121.857841491699 122.13516998291 110.590835571289 6.65832805633545 7.21110248565674 7.21110248565674 7.21110248565674 5.50757074356079 7.21110248565674
25.5016345977783 27.0616588592529 58.0201110839844 47.3180732727051 14.1774473190308 18.5022525787354 21.2210578918457 19.9749851226807 23.5159511566162 19.9248580932617 52.8299140930176 27.874719619751 33.5459899902344 33.2916412353516 34.6458282470703 23.0723495483398 18 75.181999206543 101.533248901367 115.208503723145 113.476867675781 115.785720825195 118.094596862793 106.086441040039 120.40348815918 120.980712890625 121.557945251465 122.118797302246 121.837326049805 120.155456542969 117 101.355812072754 105.773345947266 106.719261169434 108.13109588623 108.707557678223 108.13109588623 119.616050720215 121.857841491699 121.557945251465 121.837326049805 122.13516998291 100.201461791992 6.65832805633545 7.21110248565674 7.21110248565674 7.21110248565674 6.08276271820068
24.4199371337891 64.4541168212891 16.4418163299561 15.3948040008545 16.822603225708 19.6299095153809 24.2693214416504 24.8461933135986 26.727014541626 9.64365100860596 34.4286689758301 52.5198364257812 37.6076240539551 34.6458282470703 37.0720024108887 11.6761865615845 29.8719482421875 77.7881774902344 99.3495483398438 91.8041381835938 93.2755737304688 101.790634155273 89.3140563964844 108.392807006836 112.654335021973 111.230987548828 119.549156188965 122.40234375 122.40234375 119.578422546387 119.274192810059 107.360763549805 105.509872436523 108.767333984375 117.308708190918 122.435020446777 119.039207458496 113.005897521973 112.384757995605 119.851295471191 122.435020446777 111.168037414551 123.012191772461 122.13516998291 122.71240234375 123.273406982422 89.7904968261719 7.37111473083496
69.6443328857422 75.0488739013672 38.7341346740723 18.1750736236572 15.6311655044556 16.3707046508789 15.9478311538696 15.8745079040527 31.0053768157959 6.42910051345825 40.8084945678711 60.6162796020508 37.2334976196289 36.6651496887207 39.2470817565918 20.2237491607666 30.0499591827393 59.1945953369141 57.2974700927734 54.2862777709961 85.1958541870117 88.6246795654297 70.7837066650391 77.5714721679688 71.8424224853516 89.4948806762695 118.424377441406 123.557006835938 123.557006835938 122.696098327637 122.435020446777 118.462371826172 109.024459838867 113.005897521973 118.772895812988 123.850715637207 123.273406982422 120.192901611328 122.435020446777 115.811630249023 113.847854614258 123.012191772461 113.178321838379 103.645225524902 99.6042175292969 6.80685949325562 96.1405258178711 6.80685949325562
10.6926765441895 13.0511808395386 13.1148767471313 13.0511808395386 13.86842918396 21.9393100738525 24.2693214416504 16.7729949951172 35.5527763366699 37.8725929260254 44.7697830200195 36.0970916748047 36.253734588623 6.42910051345825 45.8293952941895 37.3229141235352 5.1961522102356 28.3607711791992 31.3421974182129 58.1578330993652 71.5984191894531 92.3760452270508 66.7757415771484 94.6907272338867 108.707557678223 77.1492080688477 110.963958740234 122.71240234375 120.192901611328 119.884666442871 122.71240234375 122.99186706543 121.886558532715 122.463600158691 121.129409790039 120.093017578125 123.850715637207 121.038558959961 123.28963470459 123.012191772461 112.743072509766 121.079864501953 123.012191772461 123.557006835938 7.37111473083496 118.938362121582 123.557006835938 7.37111473083496
16.165807723999 19.9248580932617 17.3205089569092 12.5830574035645 13.7961349487305 16.0934772491455 9.84885787963867 29.5352897644043 19.078784942627 30.6159000396729 44.4559707641602 48.1248359680176 33.261589050293 44.9777717590332 26.764404296875 29.5014133453369 37.5810241699219 42.93017578125 35.104606628418 57.1343460083008 56.0475997924805 73.0775833129883 66.6658325195312 106.978187561035 114.159248352051 78.9957809448242 86.4946975708008 104.61994934082 111.32984161377 119.884666442871 120.815284729004 123.012191772461 121.038558959961 123.012191772461 123.012191772461 121.825012207031 123.012191772461 123.012191772461 123.31396484375 123.569145202637 121.079864501953 116.83464050293 120.769752502441 123.012191772461 122.99186706543 122.71240234375 123.31396484375 123.28963470459
17.6918067932129 17.7857627868652 34.6987037658691 57.0116958618164 9.53939247131348 90.7817916870117 79.3788375854492 50.8953170776367 20.8806133270264 26.1023616790771 65.1178436279297 80.5750198364258 51.4198417663574 61.2454071044922 11.5902261734009 33.5608901977539 48.2113418579102 60.2854309082031 72.5074691772461 103.966339111328 119.549156188965 107.155647277832 91.9347610473633 108.392807006836 108.03857421875 103.838012695312 87.1569442749023 110.240646362305 119.616050720215 118.823394775391 120.192901611328 123.012191772461 121.76343536377 121.346611022949 122.71240234375 123.569145202637 123.012191772461 5.8594651222229 124.134338378906 124.428024291992 123.569145202637 122.463600158691 117.355583190918 117.932182312012 120.552894592285 123.012191772461 110.563705444336 99.6042175292969
20.5993518829346 42.0356979370117 28.1839199066162 24.4404029846191 59.4081916809082 61.1746139526367 68.8064956665039 65.9393692016602 27.2274379730225 29.7153167724609 103.365051269531 67.715087890625 79.5424423217773 74.0967864990234 117.627944946289 57.7148170471191 50.3620223999023 68.0220565795898 73.8737640380859 79.5885238647461 107.816200256348 119.274192810059 104.576927185059 102.846160888672 120.192901611328 119.001403808594 103.466583251953 108.448143005371 119.139976501465 120.503112792969 120.769752502441 123.31396484375 122.083305358887 121.079864501953 123.28963470459 123.31396484375 120.815284729004 123.28963470459 124.723693847656 123.040641784668 123.31396484375 121.309524536133 119.778961181641 120.869071960449 121.346611022949 123.012191772461 120.378570556641 118.069190979004
41.5090370178223 45.4459381103516 38.0175399780273 30.1053695678711 36.5102729797363 34.3947677612305 121.714149475098 57.2974700927734 104.509963989258 35.3836135864258 45.6544990539551 79.462776184082 117.738410949707 135.138198852539 101.520111083984 50.8625602722168 81.2978057861328 84.9293823242188 87.9336853027344 76.6289749145508 92.8924102783203 119.001403808594 100.201461791992 112.209625244141 119.926368713379 120.815284729004 120.034713745117 113.795135498047 111.545204162598 117.222015380859 120.769752502441 120.869071960449 120.610946655273 119.353813171387 120.176261901855 121.445457458496 119.201507568359 120.101348876953 121.74153137207 116.723320007324 121.76343536377 113.45043182373 113.359313964844 111.610931396484 114.286193847656 105.377098083496 115.244667053223 121.923469543457
41.4045104980469 31.8956623077393 41.0162582397461 14.1891975402832 34.9618835449219 72.2864685058594 139.524185180664 113.390182495117 71.3372268676758 38.5097389221191 89.0187225341797 113.777557373047 98.8955688476562 32.5115356445312 43.9241752624512 59.9110450744629 70.3230667114258 71.898078918457 86.7429122924805 95.2697906494141 110.640556335449 108.448143005371 112.414413452148 113.517990112305 114.093528747559 120.552894592285 113.846389770508 120.503112792969 120.869071960449 114.369285583496 120.292701721191 121.445457458496 113.904930114746 113.904930114746 114.944915771484 114.596389770508 118.778503417969 121.76343536377 123.589370727539 121.18717956543 113.45043182373 112.072891235352 112.529998779297 113.578163146973 112.877517700195 121.18717956543 104.710716247559 122.71240234375
33.5111923217773 35.6417350769043 45.0814094543457 191.040130615234 46.1194114685059 149.522567749023 149.923309326172 161.741561889648 23.7135677337646 52.0416488647461 149.923309326172 57.2916526794434 42.6731758117676 60.6712455749512 74.5050354003906 75.8221588134766 77.8609848022461 90.1683578491211 104.356758117676 100.957084655762 111.71541595459 112.743072509766 120.192901611328 112.695755004883 110.464172363281 109.777046203613 112.307609558105 114.478530883789 118.69849395752 121.705932617188 122.500343322754 121.76343536377 115.517677307129 110.586318969727 112.21556854248 115.075340270996 122.659423828125 122.405067443848 122.810150146484 116.663330078125 112.255661010742 112.822868347168 112.447021484375 112.787406921387 112.877517700195 114.023391723633 111.132057189941 130.288146972656
39.0683174133301 34.0440902709961 29.569128036499 55.7882919311523 52.430908203125 30.1164398193359 187.260070800781 60.0444297790527 24.556058883667 47.1487007141113 126.297271728516 153.493759155273 192.283645629883 209.14826965332 168.893463134766 141.170104980469 72.7071762084961 83.9424438476562 112.784454345703 111.498878479004 91.6642456054688 92.7954711914062 96.2860336303711 104.844329833984 99.3797454833984 110.394744873047 119.274192810059 120.034713745117 118.727981567383 117.57975769043 122.083305358887 121.577133178711 115.295272827148 115.429634094238 112.787406921387 116.773284912109 122.859001159668 122.981025695801 113.931266784668 115.314064025879 111.383720397949 113.714553833008 121.984970092773 115.283706665039 113.582565307617 115.001449584961 115.169441223145 118.727981567383
39.5769309997559 45.3468132019043 31 69.0868988037109 82.5247421264648 97.9098205566406 184.245300292969 32.0468406677246 32.9595718383789 38.1575698852539 40.8697128295898 252.630828857422 253.527770996094 227.495788574219 284.198883056641 257.233367919922 117.347061157227 90.2662734985352 89.7682189941406 91.467658996582 113.562026977539 91.8767318725586 96.0832977294922 116.219619750977 104.613571166992 115.785720825195 106.368858337402 114.791114807129 115.214294433594 115.867744445801 116.543266296387 119.06861114502 118.289192199707 107.430595397949 115.723808288574 115.93244934082 116.503219604492 117.022789001465 109.14363861084 113.394592285156 117.227699279785 120.902160644531 123.135429382324 123.322074890137 116.001434326172 122.747711181641 115.075340270996 121.166549682617
54.5252227783203 29.569128036499 39.3996620178223 28.6181755065918 205.733642578125 226.323516845703 103.025886535645 39.3107261657715 38.3144874572754 39.3107261657715 30.789608001709 114.092071533203 118.831817626953 119.918029785156 233.669281005859 262.463317871094 96.0017395019531 111.121551513672 118.111526489258 105.746551513672 105.982704162598 103.452079772949 109.290130615234 99.404899597168 115.723808288574 114.478530883789 104.787086486816 105.655097961426 114.503273010254 116.503219604492 114.150482177734 114.722854614258 115.295272827148 108.429702758789 105.304321289062 111.898765563965 106.931442260742 111.619888305664 112.623268127441 116.051712036133 116.251167297363 115.723808288574 123.71068572998 123.629821777344 122.394172668457 123.629821777344 123.435546875 123.956985473633
51.7976837158203 40.3608703613281 39.1066932678223 260.005767822266 107.126091003418 48.8159828186035 49.9232749938965 41.4889526367188 43.1083908081055 43.6501235961914 60.0527534484863 52.2908515930176 53.0188636779785 66.9103851318359 129.245239257812 276.704406738281 215.91047668457 270.488433837891 241.652648925781 109.769454956055 108.647750854492 109.910568237305 109.842308044434 119.483612060547 111.498878479004 116.051712036133 114.722854614258 115.295272827148 117.585426330566 121.475646972656 115.867744445801 117.389663696289 115.295272827148 109.091705322266 111.861518859863 114.332847595215 115.935325622559 128.292633056641 115.935325622559 114.146102905273 113.960517883301 115.468612670898 116.143592834473 118.5087890625 124.387832641602 124.771789550781 123.891082763672 123.923362731934
51.7976837158203 63.0661010742188 59.5007019042969 45.6216316223145 71.5005798339844 64.0416564941406 43.5469093322754 51.0979461669922 48.5077323913574 44.5009346008301 62.8198471069336 68.6318664550781 63.3429832458496 70.2163314819336 87.5728302001953 276.608642578125 291.659606933594 237.337310791016 158.691528320312 158.613784790039 147.676452636719 160.997924804688 154.997848510742 112.717933654785 113.714553833008 115.075340270996 114.544021606445 117.592514038086 115.867744445801 123.557006835938 116.791839599609 116.001434326172 115.429634094238 115.854797363281 115.660423278809 117.729919433594 131.153854370117 151.110336303711 141.507354736328 125.587951660156 126.064796447754 120.101348876953 125.165222167969 124.708992004395 124.19474029541 124.500335693359 125.04532623291 124.781143188477
45.9238510131836 45.9238510131836 63.0661010742188 73.0502090454102 58.9236793518066 88.4251098632812 70.9953079223633 48.0138854980469 53.5194664001465 63.3745498657227 71.7936859130859 94.4475173950195 71.714714050293 71.5914306640625 114.65746307373 204.294723510742 254.41960144043 286.643218994141 266.291198730469 225.96533203125 161.009323120117 144.564865112305 127.75366973877 124.395874023438 116.090484619141 116.001434326172 116.001434326172 116.573295593262 116.001434326172 116.143592834473 115.361747741699 113.714553833008 116.143592834473 122.516662597656 125.858383178711 116.714752197266 148.05517578125 148.563110351562 160.979293823242 115.647453308105 117.644943237305 117.644943237305 118.64372253418 125.356826782227 125.221138000488 125.285011291504 118.64372253418 125.348846435547
69.0820770263672 77.1059875488281 78.7337265014648 45.9818801879883 41.1865692138672 38.5529937744141 65.7799377441406 39.5010566711426 47.4271354675293 49.7292671203613 50.3421630859375 49.8631477355957 87.3746719360352 87.3231582641602 82.8914947509766 91.8821716308594 269.726409912109 199.451751708984 166.512268066406 165.009094238281 139.055145263672 116.791839599609 126.759613037109 118.491912841797 133.906677246094 138.225662231445 125.654289245605 117.145210266113 118.158088684082 116.791839599609 121.475646972656 116.714752197266 117.717178344727 118.861267089844 117.285972595215 115.647453308105 135.966903686523 148.522720336914 161.024841308594 147.500289916992 134.582061767578 134.797378540039 119.081207275391 117.285972595215 119.081207275391 118.382148742676 118.035308837891 118.73078918457
99.9016189575195 99.3780670166016 83.0020065307617 71.2834701538086 72.0277709960938 87.6070785522461 42.3595733642578 53.0031433105469 53.9845657348633 50.8953170776367 53.1256370544434 49.1663856506348 56.8712005615234 84.1090545654297 111.518310546875 100.201461791992 281.656402587891 297.204193115234 246.763046264648 204.551544189453 184.089645385742 117.462051391602 127.249099731445 126.270874023438 127.582649230957 117.717178344727 121.178932189941 119.57145690918 125.723243713379 127.343368530273 126.768821716309 125.491035461426 121.37133026123 117.717178344727 117.644943237305 118.938362121582 123.228782653809 148.581069946289 138.752777099609 202.803680419922 162.686813354492 119.433387756348 119.653663635254 142.934722900391 124.687606811523 140.986999511719 157.382766723633 140.642578125
113.696968078613 113.696968078613 83.2426147460938 78.5260009765625 93.8740310668945 47.8225898742676 42.0039672851562 43.1547584533691 47.1204147338867 57.7436866760254 60.3848762512207 54.3415107727051 53.9104194641113 56.1456451416016 67.3077545166016 67.616569519043 324.842010498047 127.884063720703 189.088165283203 256.035797119141 274.266906738281 200.440353393555 135.078994750977 117.857261657715 118.428596496582 131.742172241211 129.558227539062 121.519546508789 118.861267089844 116.928756713867 122.740921020508 125.033325195312 117.500350952148 127.007873535156 127.735404968262 127.15869140625 128.492538452148 118.21590423584 165.500244140625 204.912170410156 202.178970336914 126.241828918457 137.623886108398 140.20817565918 140.20817565918 176.604080200195 166.036148071289 126.618850708008
