sd_LGM.asc
NCOLS 429 
NROWS 360 
XLLCORNER -9.666666667 
YLLCORNER 36.083333333 
CELLSIZE 0.0416666666666667 
NODATA_value -3.4e+38 
[rows 273 to 293 of 360, columns 96 to 143 of 429]
87.7895202636719 84.9960784912109 61.024585723877 40.3773880004883 67.3523101806641 71.3886108398438 71.9652709960938 85.3483047485352 91.358268737793 55.865909576416 36.8284301757812 47.595516204834 68.0906295776367 60.7151832580566 41.7971305847168 48.9523582458496 90.4728317260742 87.3632278442383 90.7964782714844 88.6397171020508 92.9856643676758 91.1939315795898 88.7937698364258 87.3746719360352 90.9633636474609 91.1335983276367 86.9655075073242 90.9010467529297 84.8587036132812 88.6359558105469 82.4196548461914 83.9364852905273 85.6290435791016 85.0431289672852 88.6622772216797 89.5991058349609 88.831298828125 86.7429122924805 86.3655014038086 90.0721969604492 87.88818359375 88.4609146118164 87.7097473144531 87.3231582641602 89.0524215698242 88.3194961547852 96.5970993041992 89.4035797119141
80.5791549682617 78.2496032714844 74.4401321411133 57.8878211975098 69.3757858276367 74.1911926269531 97.0429458618164 83.2666397094727 55.2479248046875 77.1167907714844 65.9115600585938 63.5059051513672 68.3032455444336 69.6371536254883 69.2122344970703 66.1588973999023 87.3632278442383 95.0631332397461 87.9261016845703 87.5347518920898 89.1122894287109 87.1454696655273 89.3998489379883 89.276725769043 88.7148971557617 123.660827636719 90.4286117553711 88.0700454711914 92.4463806152344 90.0074081420898 75.1021499633789 90.0074081420898 81.4677886962891 88.7148971557617 88.2741928100586 89.8016357421875 89.8016357421875 88.0984268188477 87.9261016845703 89.7180786132812 89.857292175293 90.7873001098633 90.5777740478516 98.652587890625 88.8819427490234 88.4891738891602 108.629341125488 97.3396148681641
42.0990905761719 79.6052780151367 79.2233123779297 91.5113830566406 76.9566955566406 77.4230804443359 123.923362731934 117.717178344727 72.7530059814453 69.9738082885742 105.133247375488 96.8004837036133 66.0328216552734 66.1588973999023 68.4178314208984 68.9226608276367 86.6333236694336 225.455841064453 91.4840621948242 105.760734558105 115.742530822754 317.544219970703 169.237503051758 90.5372848510742 90.371452331543 186.107498168945 96.0746231079102 153.549118041992 303.727386474609 84.1843185424805 90.0721969604492 91.8767318725586 90.9413757324219 90.7873001098633 89.857292175293 103.016181945801 118.44970703125 146.865020751953 95.6678314208984 96.3656234741211 124.041656494141 94.9789428710938 99.6945343017578 99.6945343017578 78 80.8888092041016 87.6432189941406 86.031005859375
43.3858642578125 44.1927604675293 41.0731048583984 79.3032150268555 76.6876754760742 94.7329559326172 107.611953735352 109.161956787109 290.338317871094 88.2628631591797 64.3842620849609 108.094093322754 94.6801605224609 80.8723297119141 66.0328216552734 67.8699722290039 66.7108154296875 89.6158447265625 134.792434692383 121.507202148438 105.874137878418 91.0896987915039 122.049171447754 95.296028137207 260.674133300781 328.584838867188 90.1461791992188 256.439086914062 243.376937866211 343.296264648438 123.769950866699 90.0074081420898 87.1569442749023 90.0721969604492 180.025924682617 300.776214599609 236.690368652344 328.417938232422 297.177276611328 297.177276611328 305.459228515625 153.900405883789 86.8581237792969 89.2263031005859 88.4552612304688 90.5888137817383 88.940055847168 88.5569534301758
87.5042877197266 62.9841232299805 43.5775184631348 78.8859939575195 97.9846954345703 103 106.037727355957 104.958724975586 117.202102661133 115.682037353516 102.573547363281 60.6657524108887 64.9332962036133 95.4410781860352 63.2877044677734 65.2482452392578 45.0924987792969 83.2666397094727 29.7153167724609 52.2717247009277 79.3872375488281 76.5397491455078 92.7954711914062 89.0187225341797 304.326019287109 334.087310791016 93.5539093017578 89.444580078125 89.9685134887695 330.918426513672 329.487976074219 322.893676757812 230.794998168945 327.481292724609 199.038528442383 99.6510543823242 87.5233306884766 89.2319107055664 109.672241210938 98.1478500366211 89.7682189941406 90.3548583984375 98.0832977294922 97.7053375244141 89.0299606323242 89.8461685180664 88.940055847168 88.5569534301758
79.5759582519531 64.5936050415039 38.3014373779297 84.6719131469727 98.6373825073242 109.13752746582 103.81233215332 100.682670593262 97.7343368530273 94.521598815918 55.7165451049805 58.654354095459 22.715633392334 46.8081207275391 58.1291656494141 61.7602882385254 27.0739727020264 32.0052070617676 28 48.2804298400879 34.5880508422852 34.5880508422852 45.6106719970703 66.8431015014648 86.800537109375 86.4079437255859 69.4766159057617 85.6757431030273 85.8079223632812 75.3458709716797 87.3097915649414 87.3097915649414 88.831298828125 87.5233306884766 88.6622772216797 87.891975402832 154.786956787109 303.686248779297 242.96159362793 219.258605957031 327.072357177734 208.183410644531 108.392807006836 100.430740356445 87.9829559326172 87.29833984375 87.0765914916992 87.29833984375
97.0412292480469 99.9466552734375 94.7153625488281 98.8787155151367 96.105842590332 97.9098205566406 97.2899475097656 100.374298095703 65.8710861206055 25.0066661834717 38.0394515991211 37.5544052124023 50.3189811706543 22.0302829742432 44.094596862793 20.5507507324219 37.8989868164062 40.0541305541992 27.7848873138428 32.5781097412109 33.0454216003418 30.4138126373291 33.1511688232422 45.7055778503418 45.2990074157715 86.2380447387695 46.436336517334 85.6757431030273 85.9127502441406 90.7156753540039 75.6394958496094 76.5397491455078 89.4035797119141 80.8888092041016 88.6622772216797 88.0984268188477 97.643913269043 251.814086914062 327.672607421875 327.489440917969 310.616058349609 171.132507324219 158.151824951172 110.924896240234 89.3140563964844 96.8624420166016 96.2860336303711 89.0524215698242
97.2231140136719 97.5551147460938 99.1816482543945 102.56867980957 100.061645507812 102.256217956543 91.3290786743164 92.0887222290039 53.0188636779785 26.8390254974365 25.7099208831787 42.1939964294434 32.5627593994141 24.5831928253174 32.5320358276367 43.5086212158203 39.2088432312012 44.0151481628418 46.5438842773438 38.3536186218262 40.0541305541992 30.2875118255615 31.8956623077393 31.6596488952637 45.1811180114746 66.1588973999023 53.4072418212891 95.8140563964844 106.03929901123 124.755760192871 212.32600402832 99.0269317626953 92.7918853759766 49.943302154541 70.8731231689453 78.3602752685547 94.1558990478516 96.8004837036133 101.785720825195 112.304641723633 198.501892089844 294.687957763672 167.846160888672 97.8621444702148 87.2716064453125 86.9616775512695 86.9616775512695 87.2314910888672
99.7262954711914 77.3584747314453 46.5008964538574 47.4657783508301 26.4070701599121 46.3716850280762 43.6615791320801 22.5905590057373 29.1433238983154 36.5923500061035 33.531078338623 42.1939964294434 48.8773994445801 34.5591278076172 33.1260223388672 44.5757789611816 43.5009574890137 43.5086212158203 44.5234031677246 44.5234031677246 39.5137100219727 21.9620876312256 37.5544052124023 24.54248046875 45.1331367492676 45.6544990539551 90.0074081420898 90.7432250976562 74.5385818481445 85.6757431030273 88.3572311401367 99.9016189575195 106.60831451416 85.9903106689453 116.33715057373 134.502792358398 172.650894165039 200.815841674805 170.488510131836 92.3976898193359 129.361251831055 111.718399047852 99.3092803955078 88.3345947265625 103.595367431641 92.0887222290039 90.6660537719727 170.19499206543
46.9183692932129 46.4865570068359 47.0354461669922 34.7035064697266 45.2806053161621 43.9810562133789 47.7109336853027 27.9344463348389 23.1156520843506 38.0832405090332 43.5583915710449 42.0277671813965 43.312816619873 41.1987037658691 40.6734962463379 43.1895065307617 24.7857494354248 33.0201950073242 42.0039672851562 43.5009574890137 35.3034477233887 34.2393531799316 24.6644134521484 21.3853530883789 41.6693344116211 30.0388641357422 46.0325965881348 45.5228881835938 55.7703628540039 53.4259605407715 33.8082847595215 36.0878562927246 37.3229141235352 34.1955146789551 46.3716850280762 80.6659774780273 113.808319091797 102.235023498535 91.5441589355469 81.4309539794922 92.6984329223633 81.4125289916992 89.4948806762695 86.6025390625 141.669799804688 122.361488342285 98.1546401977539 108.886795043945
52.2908515930176 52.4213714599609 33.0201950073242 43.8634262084961 43.9810562133789 43.5545616149902 44.5421142578125 36.5923500061035 45.2806053161621 44.8441734313965 44.9332847595215 42.7551155090332 40.9511909484863 41.3279571533203 41.9404335021973 41.8608818054199 27.02467918396 27.4651298522949 34.3559799194336 41.1460800170898 33.0050506591797 43.5086212158203 31.0859031677246 45.5228881835938 23.4307498931885 28.2901630401611 41.7252922058105 42.0990905761719 27.7848873138428 25.1594905853271 45.5082397460938 35.8096809387207 33.5012435913086 34.7706756591797 35.341194152832 49.4098510742188 81.1931838989258 80.8846893310547 102.490646362305 81.7333068847656 79.9645767211914 83.1885375976562 81.6965942382812 81.119255065918 129.330322265625 90.3566970825195 84.5832901000977 109.986366271973
51.8684234619141 44.6355628967285 44.6355628967285 52.4213714599609 43.8634262084961 43.8634262084961 44.410961151123 44.410961151123 51.1761665344238 44.9592399597168 45.5082397460938 45.5082397460938 42.7551155090332 43.3166618347168 41.4889526367188 41.7891540527344 37.0720024108887 43.0967903137207 39.6274299621582 27.2090663909912 44.1361541748047 43.5775184631348 42.7200202941895 29.9388256072998 23.0723495483398 41.5090370178223 34.9618835449219 31.2409992218018 33.9558525085449 57.7696571350098 31.1769142150879 30.1717300415039 47.6969604492188 48.1248359680176 34.2198791503906 33.5012435913086 85.5414123535156 81.303955078125 94.4298706054688 101.913360595703 80.5419158935547 36.2904930114746 46.7154502868652 37.9868392944336 47.4447059631348 70.2163314819336 84.5832901000977 168.368637084961
44.5308876037598 45.2106170654297 44.5308876037598 44.7362632751465 44.5308876037598 44.6766166687012 44.2982330322266 44.8441734313965 44.3771705627441 55.2207679748535 46.3716850280762 45.0814094543457 45.3908958435059 43.3858642578125 45.0814094543457 44.7101783752441 44.5757789611816 37.6873092651367 39.9291038513184 38.4317588806152 34.6458282470703 34.6458282470703 28.3607711791992 34.5108680725098 40.6242942810059 21.6333084106445 23.4378604888916 28.0416355133057 38.2143096923828 76.1664810180664 43.1393089294434 44.0605659484863 32.1403160095215 34.7898445129395 35.341194152832 31.8171863555908 30.9246387481689 35.5105628967285 32.3934135437012 33.8082847595215 43.0387420654297 41.7612266540527 40.4474983215332 35.9490394592285 37.0720024108887 36.9098014831543 36.4737358093262 35.8375968933105
43.7530937194824 44.2982330322266 44.5308876037598 45.0814094543457 44.5308876037598 44.5308876037598 45.9601287841797 44.2982330322266 44.9925918579102 45.0814094543457 44.8441734313965 44.2982330322266 45.9383659362793 47.3532829284668 46.0325965881348 36.5558929443359 46.0144920349121 47.0141830444336 30.7462730407715 36.8284301757812 44.7362632751465 29.8384532928467 36.5285263061523 28.7923603057861 25.7099208831787 28.1128673553467 28.0416355133057 27.7848873138428 109.44100189209 30.6159000396729 51.0522613525391 49.5008430480957 46.5080642700195 44.5084266662598 28.8848285675049 43.2473487854004 30.0222148895264 30.5995635986328 31.1929473876953 39.5769309997559 43.6615791320801 43.1393089294434 42.5088233947754 43.6157455444336 35.3694801330566 35.3883209228516 35.0856094360352 33.9754829406738
42.4774436950684 42.6653633117676 44.8441734313965 43.7530937194824 44.8441734313965 45.5082397460938 45.0814094543457 44.094596862793 45.3908958435059 44.9592399597168 45.1774291992188 45.0814094543457 44.836742401123 48.6929168701172 45.4459381103516 45.4459381103516 45.0037040710449 44.5234031677246 44.5234031677246 41.6052894592285 35.3459091186523 40.7798957824707 27.4286956787109 46.0904922485352 46.057933807373 46.057933807373 32.2335243225098 32.1403160095215 39.3107261657715 26.8886585235596 48.5077323913574 27.790885925293 45.0148124694824 27.02467918396 28.5715484619141 28.6181755065918 30.6159000396729 38.4230842590332 51.2640228271484 35.8515472412109 31.8171863555908 45.5741157531738 43.0155029296875 42.5793380737305 42.0039672851562 41.0040664672852 41.0162582397461 33.171272277832
50.8953170776367 43.1315803527832 43.3858642578125 57.026309967041 58.0114936828613 45.0592193603516 43.2666168212891 43.9810562133789 43.2087936401367 43.312816619873 44.7101783752441 46.2313041687012 44.7101783752441 45.7638854980469 46.893497467041 49.6890335083008 46.6082954406738 46.436336517334 49.1222953796387 42.296573638916 39.6274299621582 41.9324836730957 38.7986259460449 36.4965744018555 27.135461807251 26 44.5308876037598 27.6224536895752 33.7243728637695 33.5012435913086 47.6969604492188 32.0780296325684 28.8675136566162 30.3699417114258 29.5014133453369 28.0416355133057 29.1947479248047 29.0229797363281 41.0365676879883 46.5223960876465 46.0036239624023 43.5469093322754 42.0356979370117 41.5491676330566 49.4098510742188 41.5250930786133 42.0356979370117 43.5239410400391
43.3858642578125 43.6157455444336 47.0141830444336 49.5210380554199 49 44.0037879943848 44.5308876037598 43.1393089294434 45.0924987792969 48.0034713745117 50 44.9925918579102 44.094596862793 44.094596862793 45.2990074157715 45.2990074157715 48.6449737548828 48.1698379516602 51.2087249755859 51.2087249755859 49.2172050476074 42.712215423584 39.2598190307617 39.2598190307617 46.893497467041 26.5769329071045 35.2325592041016 53.6935768127441 46.1844139099121 45.2106170654297 27.5378532409668 34.3850746154785 29.2631740570068 33.3066558837891 47.6969604492188 40.1497192382812 30.2379455566406 34.0734481811523 41.7252922058105 43.6157455444336 46.0036239624023 23.8117618560791 45.5082397460938 43.0348701477051 49.8698310852051 49.8698310852051 43.0619697570801 44.5458564758301
44.094596862793 44.0037879943848 44.657958984375 46.893497467041 57.4920272827148 49.5412292480469 57.6223335266113 53.0282936096191 58.0459594726562 58.0258560180664 50.0033340454102 45.3908958435059 49 55.0272674560547 56.5184326171875 55.0272674560547 50.5997352600098 54.0123443603516 48.1248359680176 55.5007514953613 56.0446243286133 41.8608818054199 41.3561782836914 52.1152572631836 45.5082397460938 45.5009155273438 28.0059509277344 49.8029441833496 36.3730659484863 50.2128791809082 52.2589721679688 37.0405197143555 35.5949440002441 25.6580066680908 40.5092582702637 41.5250930786133 30.4357242584229 38.630729675293 41.1460800170898 50.1630668640137 43.0348701477051 45.5009155273438 45.0037040710449 44.5234031677246 44.5234031677246 42.0356979370117 42.5245018005371 47.2264060974121
61.5331878662109 50.0133323669434 48.5077323913574 53 60.8632354736328 49.0136032104492 54 54 49.2172050476074 46.893497467041 47.4271354675293 46.068790435791 56.0119018554688 57.0116958618164 42.5480117797852 37.0720024108887 47.0319023132324 57.0467643737793 57.0029220581055 49.2375183105469 57.0350761413574 54.902946472168 50.1198577880859 49.5210380554199 45.0037040710449 50.1198577880859 41.0040664672852 41.8847618103027 30.8922863006592 44.5458564758301 35.0761070251465 27.7308483123779 30.0222148895264 25.8134326934814 45.3468132019043 48.2804298400879 40.5092582702637 40.5257110595703 43.0038757324219 49.7426719665527 41.0649909973145 41.1015014648438 43.0155029296875 43.0155029296875 42.0356979370117 43 45.5009155273438 44.9110221862793
55.5007514953613 56.0743560791016 53.0785598754883 53.0502891540527 53.0031433105469 53.0785598754883 55.5367736816406 53.5381469726562 56.0743560791016 56.5891609191895 54.5068817138672 52.5007934570312 58.0114936828613 66.063102722168 47.5008773803711 53.5194664001465 64.0416564941406 56.5007362365723 57.026309967041 57.026309967041 56.5184326171875 66.6408309936523 60.6547622680664 66.5507354736328 55.9672508239746 43.312816619873 47.2687339782715 46.317741394043 57.1868286132812 45.5082397460938 45.0333213806152 36.8284301757812 29.1604747772217 30.9246387481689 30.3150119781494 45.2806053161621 52.8488426208496 54.7844276428223 50.2692756652832 49.2747383117676 49.2172050476074 49.6420516967773 42.0634460449219 42.0634460449219 43.0967903137207 41.6213073730469 42.5793380737305 43.5469093322754
56.5891609191895 61.5819244384766 55.5367736816406 56.5066375732422 56.0743560791016 57.1430969238281 56.0029754638672 55.5007514953613 57.5065231323242 57.5065231323242 57.0116958618164 65.607421875 62.5806159973145 50.0133323669434 56 57.5181121826172 57.5007247924805 54.5374488830566 57.5007247924805 57.026309967041 62.7402038574219 57.026309967041 58.0114936828613 66.6808319091797 41.0731048583984 43.6615791320801 39.7030639648438 43.0387420654297 63.9765586853027 60.5337371826172 54.8361206054688 37 32.9241561889648 35.5105628967285 38.6264152526855 37.4477424621582 57.8388557434082 53.8144950866699 58.1578330993652 38.5529937744141 51.013069152832 50.4777183532715 49.1222953796387 40.5092582702637 44.657958984375 42.015869140625 35.01904296875 48.8091506958008
