sd_LGM.asc
NCOLS 429 
NROWS 360 
XLLCORNER -9.666666667 
YLLCORNER 36.083333333 
CELLSIZE 0.0416666666666667 
NODATA_value -3.4e+38 
[rows 63 to 83 of 360, columns 343 to 391 of 429]
189.523086547852 214.224960327148 206.588958740234 200.987564086914 219.784744262695 214.112121582031 228.80778503418 245.742416381836 240.229751586914 245.622344970703 234.141693115234 226.662750244141 256.197845458984 247.157836914062 241.845687866211 231.737640380859 237.017578125 232.929168701172 224.502410888672 228.572387695312 221.915145874023 222.814575195312 187.564208984375 210.516036987305 222.432006835938 233.401657104492 212.154037475586 221.915145874023 206.500198364258 208.557739257812 189.000885009766 161.001037597656 171.003890991211 218.920837402344 183.565612792969 190.021926879883 199.164093017578 218.078735351562 184.044372558594 193.055267333984 192.548690795898 198.243118286133 188.199356079102 208.151382446289 185.663681030273 194.680084228516 213.054763793945 218.879730224609 203.121475219727
73.9932403564453 143.200332641602 159.678848266602 163.255416870117 200.440353393555 223.817626953125 204.134765625 210.691711425781 209.743499755859 201.212158203125 201.725067138672 199.630493164062 251.718765258789 235.313262939453 224.811767578125 237.154663085938 230.885971069336 225.622100830078 225.102203369141 217.73454284668 217.150482177734 220.170394897461 193.517440795898 218.660308837891 229.050933837891 236.369064331055 232.084030151367 227.458419799805 192.055541992188 162.102844238281 184.000900268555 162.02571105957 137.807830810547 165.63313293457 169.141952514648 196.730773925781 198.215377807617 199.922485351562 168.73747253418 202.6005859375 185.663681030273 168.167572021484 177.159057617188 178.045867919922 184.599563598633 189.254684448242 205.307083129883 212.490783691406 212.13752746582
90.8129959106445 89.3662872314453 180.069427490234 180.507614135742 206.456619262695 205.721496582031 122.527549743652 209.342620849609 85.5823211669922 198.189300537109 199.960830688477 211.643569946289 249.584320068359 238.584014892578 232.86262512207 228.843475341797 226.662750244141 215.223907470703 218.275817871094 201.609359741211 197.53564453125 202.51008605957 187.008026123047 224.945175170898 222.396789550781 229.053115844727 197.054138183594 161.083831787109 189.526596069336 207.115905761719 190.03157043457 190.03157043457 165.610992431641 180.518692016602 193.145889282227 195.218673706055 189.769165039062 187.910446166992 182.234283447266 180.299743652344 180.369995117188 166.362060546875 166.064239501953 167.168579101562 164.082290649414 159.55876159668 179.817504882812 198.184265136719 200.799240112305
116.413055419922 86.3095169067383 87.7097473144531 77.8609848022461 70.5478591918945 101.946067810059 69.8641510009766 59.8108139038086 80.8475952148438 55.0847816467285 82.6216278076172 189.579360961914 208.159393310547 219.639099121094 225.189544677734 225.391510009766 223.911437988281 207.136032104492 191.562866210938 170.554977416992 186.518096923828 201.698623657227 228.094284057617 227.495788574219 224.982223510742 202.066818237305 189.022048950195 157.004241943359 166.144515991211 204.209045410156 201.698623657227 196.217559814453 177.376251220703 177.497421264648 181.074569702148 185.877197265625 185.176498413086 166.049194335938 155.695220947266 165.025253295898 165.025253295898 169.767486572266 163.612350463867 174.061294555664 171.315505981445 171.651779174805 165.364242553711 183.36393737793 183.690856933594
92.9157333374023 87.9223175048828 69.2411270141602 69.5149841308594 74.3325881958008 68.7119598388672 60.4841575622559 65.3630905151367 61.857364654541 56.3234710693359 82.8090209960938 189.071411132812 202.185562133789 93.0644912719727 202.52490234375 225.980087280273 237.769500732422 235.568115234375 232.929168701172 225.42626953125 216.792526245117 203.160858154297 169.25227355957 183.538375854492 197.165756225586 194.03092956543 167.168579101562 164.228500366211 187.128295898438 180.81575012207 179.817504882812 151.186416625977 158.531799316406 166.506256103516 166.520263671875 168.630767822266 169.012817382812 169.800857543945 165.016159057617 143.976852416992 141.747421264648 159.302642822266 164.611663818359 166.740310668945 166.169586181641 161.001037597656 169.25227355957 165.808120727539 168.396362304688
105.275825500488 103.519721984863 98.0764999389648 95.7862167358398 73.2598114013672 78.1728820800781 105.039672851562 74.1440048217773 99.0605850219727 72.3809356689453 74.7462387084961 112.970497131348 85.5628433227539 76.8635177612305 197.021148681641 211.381958007812 211.533294677734 204.160064697266 210.715454101562 192.055541992188 159.719543457031 154.004333496094 163.612350463867 188.537353515625 157.085968017578 173.061645507812 173.586669921875 177.339599609375 175.790588378906 168.500244140625 168.529922485352 171.529388427734 54.4426307678223 148.594528198242 166.064239501953 161.174850463867 175.855056762695 169 161.506454467773 58.7054786682129 47.0567016601562 58.0459594726562 149.82991027832 163.502288818359 138.853637695312 153.526321411133 165.04948425293 165.572738647461 143.060592651367
108.868423461914 111.260955810547 83.3926467895508 94.0762100219727 85.2779769897461 104.790267944336 90.4230804443359 77.0216445922852 93.9272766113281 76.8635177612305 67.6683120727539 145.740631103516 106.714569091797 102.417449951172 191.61506652832 192.505416870117 100.520309448242 190.505462646484 171.008773803711 166.5302734375 143.514221191406 68.1102066040039 190.042984008789 169.015777587891 175.503082275391 178.062728881836 172.117202758789 176.544616699219 173.505996704102 58.0201110839844 166.081298828125 149.080520629883 56.1278305053711 47.0354461669922 54.9302597045898 147.09294128418 86.5813674926758 139.688934326172 47.6235237121582 53.4633827209473 33.5012435913086 54.8847274780273 34.6410179138184 140.720764160156 139.237213134766 138.399185180664 141.867309570312 130.215209960938 136.298690795898
108.448143005371 128.53923034668 119.834609985352 105.291656494141 97.072135925293 94.521598815918 76.2911071777344 104.446159362793 114 122.62272644043 103.645225524902 71.6193618774414 66.5832824707031 69.9738082885742 67.1341934204102 71.898078918457 74.5385818481445 75.8573226928711 65.2482452392578 73.7292327880859 58.7735786437988 77.9829025268555 192.110214233398 157.016983032227 168.142791748047 169.912719726562 84.7899398803711 58.4037666320801 50.2692756652832 54.5007629394531 45.9383659362793 38.5270462036133 34.3122901916504 34.7706756591797 53.6935768127441 50.3421630859375 56.7479820251465 38.3144874572754 35.3600540161133 32.3161468505859 23.4591846466064 18.6815414428711 17.6729545593262 19.2180461883545 18.0831413269043 21.5947532653809 29.569128036499 125.300971984863 142.642913818359
132.553131103516 119.089599609375 119.55891418457 82.437858581543 94.6484756469727 106.775466918945 95.2207946777344 99.4501571655273 88.8219223022461 99.5439605712891 102.996765136719 75.7187805175781 63.0423126220703 74.7819061279297 65.7799377441406 75.1154632568359 72.8583068847656 68.1346740722656 68.1933517456055 64.8613891601562 51.7332916259766 90.4562530517578 181.659942626953 173.808319091797 93.0716552734375 86.6256332397461 75.1953048706055 59.9694366455078 58.594654083252 50.0133323669434 42.3359565734863 54.5007629394531 36.6651496887207 60.3241233825684 66.5657577514648 45.357837677002 31.7857418060303 21.7791957855225 21.3775577545166 25.5408172607422 25.3245601654053 22.8108158111572 22.8546123504639 23.2880516052246 22.3383083343506 26.1023616790771 19.0350551605225 19.4679222106934 31.1822605133057
149.071563720703 156.068359375 122.659423828125 119.215492248535 125.778907775879 119.717720031738 96.9381256103516 104.484451293945 113.777557373047 114.013160705566 121.500343322754 120.508644104004 86.800537109375 74.8487396240234 64.2910079956055 91.2816162109375 71.7030944824219 75.0355453491211 76.5789337158203 68.2861633300781 58.3209495544434 89.3662872314453 84.308952331543 89.9129180908203 76.054801940918 42.8835639953613 15.044379234314 44.7921142578125 44.7921142578125 51.2152328491211 63.2560920715332 49.7895584106445 69.8164291381836 63.7887153625488 38.6264152526855 9.60902309417725 10.4403066635132 10.0166530609131 19.5021362304688 22.0302829742432 21.2837963104248 21.9393100738525 25.1064395904541 25.4230861663818 29.3995456695557 20.0748596191406 24.9866638183594 10.2143688201904 31.3740863800049
136.590621948242 137.633575439453 140.535873413086 121.790802001953 124.975997924805 124.263160705566 108.72135925293 104.024032592773 121.623733520508 114.660369873047 132.666244506836 103.783432006836 119.26441192627 86.6044616699219 64.5316467285156 77.7195816040039 74.4781875610352 80.0749664306641 69.0096588134766 84.7368469238281 62.0671691894531 83.2165832519531 82.8090209960938 53.2572364807129 52.3672943115234 55.8957366943359 50.8166656494141 9.50438499450684 54.7205009460449 72.5970611572266 88.3911743164062 81.9898376464844 69.5796890258789 45.6216316223145 21.079216003418 17.0587215423584 24.09010887146 15.044379234314 22.5905590057373 27.02467918396 25.3245601654053 30.072135925293 38.9358444213867 38.9401245117188 35.8096809387207 17.0880069732666 28.5832118988037 16.4418163299561 27.1538829803467
141.351806640625 135.596221923828 156.052337646484 138.399185180664 131.981063842773 133.001251220703 131.591537475586 127.107566833496 128.254959106445 134.923431396484 170.910308837891 149.067092895508 138.206359863281 120.515556335449 87.8805999755859 77.5908050537109 54.5557823181152 55.5817718505859 47.1487007141113 64.9538269042969 53.3135375976562 85.7671279907227 61.0764541625977 54.0277709960938 45.9238510131836 58.2866477966309 65.8508453369141 62.978832244873 56.8887786865234 50.8625602722168 77 56.3234710693359 49.7895584106445 49.9299507141113 15.8745079040527 9.86576557159424 14.1539154052734 25.8650341033936 17.5594234466553 14.1067361831665 20.1328926086426 13.0511808395386 33.6204299926758 37.541088104248 37.8989868164062 36.4965744018555 35.0856094360352 30.6159000396729 28.3783950805664
144.049758911133 139.774826049805 149.580520629883 129.407623291016 124.017471313477 120.338409423828 123.390975952148 138.090545654297 143.847137451172 139.155792236328 160.814590454102 80.1394653320312 135.277496337891 73.3280334472656 73.9617004394531 81.2239685058594 86.1181335449219 75.6593246459961 70.2092132568359 54.6473541259766 46.357307434082 65.5311660766602 67.2631683349609 67.2408599853516 63.2692642211914 49.5075759887695 63.5164031982422 80.6494445800781 69.3998107910156 64.4670486450195 65.5158996582031 58.9660911560059 67.2408599853516 61.3297119140625 46.8223609924316 34.7706756591797 30.0499591827393 32.186954498291 14.5716619491577 22.8108158111572 21.7332305908203 28.0535202026367 26 44.4559707641602 43.8634262084961 36.1155548095703 35.6417350769043 37.1124420166016 46.7368507385254
157.24609375 153.213363647461 150.027770996094 146.028533935547 144.721572875977 165.572738647461 156.345764160156 157.207931518555 166.2568359375 185.52717590332 184.56526184082 146.56852722168 164.122924804688 98.8753433227539 62.1476745605469 73.8173446655273 81.9023818969727 76.2364730834961 72.665901184082 64.9410018920898 65.0230712890625 76.7940979003906 69.8736953735352 62.2923202514648 82.1360626220703 61.1746139526367 19.5021362304688 60.9125061035156 56.3205108642578 64.3920288085938 58.0258560180664 59.5007019042969 71.1898880004883 25.7099208831787 15.044379234314 17.9536437988281 19.6299095153809 21.7791957855225 23.1156520843506 22.715633392334 19.9749851226807 16.6533279418945 9.45163154602051 37.2424507141113 44.6019439697266 40.513370513916 40.0790901184082 42.0277671813965 39.1535453796387
165.847320556641 152.585494995117 171.389419555664 191.658554077148 190.253341674805 164.447555541992 195.505325317383 184.437881469727 169.417633056641 175.503082275391 144.313323974609 117.069778442383 117.159439086914 59.5007019042969 63.5006561279297 63.7364349365234 59.354866027832 76.8136291503906 75.9627075195312 62.2280769348145 72.7530059814453 80.0395736694336 90.8625335693359 83.0321197509766 89.0168533325195 66.0025253295898 52.1632041931152 56.6598052978516 75.0821762084961 73.0365219116211 69.0096588134766 67.2780303955078 31.7857418060303 25.5147018432617 20.4287376403809 22.538854598999 25.6969509124756 25.1462383270264 32.5166625976562 20.5993518829346 17.214334487915 19.6044216156006 19.5021362304688 28.6763553619385 53.0785598754883 52.9181747436523 36.2261428833008 51.0685806274414 43.5545616149902
96.3794555664062 95.4690170288086 172.313674926758 166.362060546875 174.729309082031 203.082092285156 203.472351074219 188.000885009766 191.021820068359 174.161804199219 179.093078613281 171.733322143555 145.056304931641 146.030822753906 60.0111083984375 52.3863868713379 55.2449073791504 58.8472595214844 62.6125640869141 74.574348449707 75.5446853637695 73.7043609619141 68.3690948486328 67.5598526000977 68.4324493408203 59.9082641601562 59.743896484375 61.8492774963379 59.9249534606934 56.3205108642578 60.0083312988281 59.9694366455078 58.5605087280273 24.7588367462158 22.912878036499 21.931713104248 22.5166606903076 21.3853530883789 18.1750736236572 17.5214157104492 13.856406211853 23.4591846466064 17.2433567047119 40.6119842529297 35.9212112426758 25.059928894043 40.8697128295898 57.8820648193359 59.8693008422852
107.546890258789 104.332801818848 102.646644592285 199.241897583008 187.713439941406 204.558868408203 194.007736206055 185.715728759766 152.454360961914 163.500259399414 138.348587036133 121.790802001953 123.597465515137 65.5057220458984 62.1718063354492 74.2226409912109 87.2716064453125 81.5597915649414 78.6913833618164 88.7918930053711 80.2766036987305 64.5058135986328 67.8920745849609 62.4286270141602 25.059928894043 19.6044216156006 15.3948040008545 19.3132076263428 14.5258388519287 24.3378982543945 30.8922863006592 28.4312038421631 28.5365257263184 29.3995456695557 27.1845550537109 27.790885925293 22.3681316375732 15.5026884078979 15.6204996109009 6.42910051345825 21.5715866088867 19.2959403991699 20.6639785766602 41.1865692138672 42.5715103149414 31.7962265014648 40.2160835266113 33.9754829406738 62.0107536315918
108.186569213867 107.276901245117 103.764152526855 103.058235168457 101.441276550293 202.082489013672 199.003356933594 197.571090698242 188.226806640625 186.389373779297 182.877914428711 154.130889892578 144.852798461914 131.590270996094 140.74919128418 78.6532440185547 93.2094421386719 86.7313842773438 76.1664810180664 87.8085021972656 73.5481719970703 84.5399322509766 67.9779357910156 64.9692230224609 36.5011405944824 22.7229690551758 15.8219261169434 27.5741424560547 30.0499591827393 26.764404296875 21.455379486084 20.0333061218262 6.55743837356567 26.0064086914062 23.0651245117188 14.5716619491577 23.1804523468018 12.7671451568604 9.50438499450684 15.8745079040527 14.5716619491577 42.7901840209961 20.7444763183594 26.8514423370361 38.7986259460449 44.4559707641602 44.4334716796875 64.6451873779297 63.0423126220703
107.387153625488 109.14363861084 98.8787155151367 95.7305221557617 92.5004501342773 193.577713012695 191.147415161133 189.690093994141 180.81575012207 171.511901855469 151.440856933594 131.411560058594 76.2911071777344 102.996765136719 74.1822052001953 82.0751724243164 91.7877960205078 95.923583984375 80.8846893310547 91 81.0740432739258 72.1133346557617 61.0982818603516 69.8665390014648 61.435604095459 28.9194278717041 21.2837963104248 30.8922863006592 37.6474876403809 25.7940559387207 19.9749851226807 20.0748596191406 16.6433162689209 22.1208801269531 22.0529670715332 16.0104141235352 12.1655254364014 3.21455025672913 13.6503963470459 22.9419555664062 22.715633392334 37.634204864502 40.8207473754883 20.0748596191406 45.3468132019043 45.3688583374023 37.1662940979004 40.7798957824707 35.9072875976562
102.792671203613 115.483039855957 105.452987670898 98.5613174438477 97.2950820922852 95.9287948608398 92.6768569946289 90.8423538208008 190.76774597168 178.500228881836 148.606857299805 128.254959106445 123.84398651123 103.927856445312 95.6155471801758 93.9521179199219 95.3642120361328 96.9965667724609 79.5424423217773 78.8056716918945 81.7088317871094 76.054801940918 65.607421875 37.0270156860352 64.080680847168 58.6600379943848 37.3229141235352 62.864933013916 31.0966243743896 23.3523731231689 24.879711151123 24.879711151123 27.790885925293 25.1462383270264 24.1729869842529 24.3789520263672 26.4070701599121 7.02376937866211 7.54983425140381 20.8166599273682 38.1094932556152 22.3383083343506 25.716402053833 30.3150119781494 42.2532043457031 39.7156562805176 46.1121826171875 49.0747718811035 66.5056381225586
99.1429977416992 102.714813232422 102.00163269043 104.672508239746 101.424850463867 100.026664733887 102.714813232422 87.3632278442383 174.5537109375 145.254943847656 147.726104736328 122.316528320312 121.689498901367 80.5005187988281 85.7671279907227 101.173118591309 99.7145919799805 102.666122436523 94.5039672851562 88.0586929321289 80.1519393920898 91.0439453125 72.8583068847656 68.3032455444336 65.2559051513672 65.8963851928711 73.3007507324219 48.2182540893555 31.7962265014648 29.614185333252 28.3548946380615 25.890796661377 26.2868785858154 22.8108158111572 17.0880069732666 35.0428314208984 25.8134326934814 15.716233253479 18.009256362915 47.8992004394531 52.0480537414551 47.7912139892578 29.7713508605957 27.5378532409668 39.8371696472168 46.9361267089844 45.8839111328125 45.0037040710449 62.0241889953613
