sd_MH.asc
NCOLS 427 
NROWS 362 
XLLCORNER -9.541666667 
YLLCORNER 36 
CELLSIZE 0.0416666666674473 
NODATA_value -3.4e+38 
[rows 175 to 199 of 362, columns 168 to 223 of 427]
-3.4e+38 -3.4e+38 -3.4e+38 -3.4e+38 -3.4e+38 -3.4e+38 -3.4e+38 -3.4e+38 -3.4e+38 -3.4e+38 -3.4e+38 -3.4e+38 -3.4e+38 -3.4e+38 -3.4e+38 -3.4e+38 -3.4e+38 -3.4e+38 -3.4e+38 -3.4e+38 -3.4e+38 -3.4e+38 -3.4e+38 -3.4e+38 -3.4e+38 -3.4e+38 -3.4e+38 8.27647304534912 8.65223121643066 8.565110206604 8.65223121643066 8.71939086914062 8.81759643554688 8.9162769317627 12.7159128189087 12.4409713745117 12.5077753067017 8.80971717834473 9.39118957519531 9.42219638824463 9.17575263977051 8.93650436401367 9.17121124267578 -3.4e+38 -3.4e+38 -3.4e+38 -3.4e+38 -3.4e+38 -3.4e+38 -3.4e+38 -3.4e+38 -3.4e+38 -3.4e+38 -3.4e+38 -3.4e+38 7.03759765625
-3.4e+38 -3.4e+38 -3.4e+38 -3.4e+38 -3.4e+38 -3.4e+38 -3.4e+38 -3.4e+38 -3.4e+38 -3.4e+38 -3.4e+38 -3.4e+38 -3.4e+38 -3.4e+38 -3.4e+38 -3.4e+38 -3.4e+38 -3.4e+38 -3.4e+38 -3.4e+38 -3.4e+38 -3.4e+38 -3.4e+38 -3.4e+38 -3.4e+38 -3.4e+38 -3.4e+38 8.13087368011475 8.28821086883545 8.12403869628906 8.12403869628906 8.27311611175537 8.61684417724609 8.57321453094482 12.5199842453003 8.57483386993408 9.09822940826416 9.27062225341797 9.40005874633789 12.9142475128174 12.9421787261963 9.22105121612549 9.1923885345459 -3.4e+38 -3.4e+38 -3.4e+38 -3.4e+38 -3.4e+38 -3.4e+38 -3.4e+38 -3.4e+38 7.17247819900513 6.78437757492065 -3.4e+38 -3.4e+38 -3.4e+38
-3.4e+38 -3.4e+38 -3.4e+38 -3.4e+38 -3.4e+38 -3.4e+38 -3.4e+38 -3.4e+38 -3.4e+38 -3.4e+38 -3.4e+38 -3.4e+38 -3.4e+38 -3.4e+38 -3.4e+38 -3.4e+38 -3.4e+38 -3.4e+38 -3.4e+38 -3.4e+38 -3.4e+38 -3.4e+38 -3.4e+38 -3.4e+38 -3.4e+38 -3.4e+38 8.5293607711792 8.21752834320068 8.29825973510742 8.19722175598145 8.0897741317749 8.18195819854736 8.63294696807861 8.42285251617432 12.4376220703125 12.3794183731079 9.04157066345215 9.09822940826416 9.40005874633789 13.0809450149536 9.53939247131348 9.26162910461426 9.26162910461426 9.27062225341797 -3.4e+38 -3.4e+38 -3.4e+38 -3.4e+38 -3.4e+38 -3.4e+38 -3.4e+38 7.07892036437988 7.07892036437988 7.40682888031006 7.08872365951538 -3.4e+38
-3.4e+38 -3.4e+38 -3.4e+38 -3.4e+38 -3.4e+38 -3.4e+38 -3.4e+38 -3.4e+38 -3.4e+38 -3.4e+38 -3.4e+38 -3.4e+38 -3.4e+38 -3.4e+38 -3.4e+38 -3.4e+38 -3.4e+38 -3.4e+38 -3.4e+38 -3.4e+38 -3.4e+38 -3.4e+38 -3.4e+38 -3.4e+38 -3.4e+38 -3.4e+38 8.29825973510742 8.12403869628906 8.24789524078369 8.04328536987305 8.15645599365234 8.12574768066406 8.48691844940186 8.36660003662109 8.60232543945312 12.4376220703125 12.5797452926636 9.2255687713623 12.7551736831665 9.21954441070557 9.17877960205078 8.8709888458252 8.79551696777344 -3.4e+38 -3.4e+38 -3.4e+38 -3.4e+38 -3.4e+38 -3.4e+38 -3.4e+38 -3.4e+38 -3.4e+38 7.27629327774048 7.39932441711426 7.48331499099731 -3.4e+38
-3.4e+38 -3.4e+38 -3.4e+38 -3.4e+38 -3.4e+38 -3.4e+38 -3.4e+38 -3.4e+38 -3.4e+38 -3.4e+38 -3.4e+38 -3.4e+38 -3.4e+38 -3.4e+38 -3.4e+38 -3.4e+38 -3.4e+38 -3.4e+38 -3.4e+38 -3.4e+38 -3.4e+38 -3.4e+38 -3.4e+38 -3.4e+38 -3.4e+38 -3.4e+38 8.33333301544189 8.2915620803833 8.16666698455811 8.15645599365234 8.15645599365234 8.19213676452637 8.58939933776855 8.32165813446045 8.58454704284668 12.2780294418335 12.8203401565552 9.23008346557617 13.1381549835205 9.38675212860107 9.09364891052246 8.98300838470459 8.24621105194092 -3.4e+38 -3.4e+38 -3.4e+38 -3.4e+38 -3.4e+38 -3.4e+38 7.24185371398926 6.81909084320068 -3.4e+38 6.76387453079224 7.63216876983643 7.12585258483887 -3.4e+38
-3.4e+38 -3.4e+38 -3.4e+38 -3.4e+38 -3.4e+38 -3.4e+38 -3.4e+38 -3.4e+38 -3.4e+38 -3.4e+38 -3.4e+38 -3.4e+38 -3.4e+38 -3.4e+38 -3.4e+38 -3.4e+38 -3.4e+38 -3.4e+38 -3.4e+38 -3.4e+38 -3.4e+38 -3.4e+38 -3.4e+38 -3.4e+38 -3.4e+38 8.5440034866333 7.99131488800049 7.82268762588501 7.933753490448 7.95473289489746 8.12061882019043 7.77996015548706 8.55050373077393 8.48200702667236 8.66025447845459 8.90224647521973 9.01541900634766 9.13479328155518 12.7910556793213 9.27960681915283 9.54084777832031 9.10738372802734 8.87411975860596 -3.4e+38 -3.4e+38 -3.4e+38 -3.4e+38 -3.4e+38 -3.4e+38 -3.4e+38 7.81735944747925 6.9121470451355 6.70406198501587 8.35164642333984 -3.4e+38 -3.4e+38
-3.4e+38 -3.4e+38 -3.4e+38 -3.4e+38 -3.4e+38 -3.4e+38 -3.4e+38 -3.4e+38 -3.4e+38 -3.4e+38 -3.4e+38 -3.4e+38 -3.4e+38 -3.4e+38 -3.4e+38 -3.4e+38 -3.4e+38 -3.4e+38 -3.4e+38 -3.4e+38 -3.4e+38 -3.4e+38 -3.4e+38 -3.4e+38 8.48691844940186 8.5440034866333 8.49673175811768 8.08462142944336 8.23103904724121 8.3831844329834 8.47217655181885 8.46233463287354 8.58939933776855 8.70344734191895 9 9.40744400024414 9.13783359527588 9.40744400024414 9.19843006134033 8.98300838470459 8.9442720413208 9.13935279846191 8.98300838470459 -3.4e+38 -3.4e+38 -3.4e+38 -3.4e+38 -3.4e+38 -3.4e+38 -3.4e+38 6.70406198501587 7.40682888031006 6.84551763534546 7.73699617385864 -3.4e+38 -3.4e+38
-3.4e+38 -3.4e+38 -3.4e+38 -3.4e+38 -3.4e+38 -3.4e+38 -3.4e+38 -3.4e+38 -3.4e+38 -3.4e+38 -3.4e+38 -3.4e+38 -3.4e+38 -3.4e+38 -3.4e+38 -3.4e+38 -3.4e+38 -3.4e+38 -3.4e+38 -3.4e+38 -3.4e+38 -3.4e+38 -3.4e+38 8.35164642333984 8.34332752227783 8.47709369659424 8.47217655181885 7.92148971557617 8.03291797637939 8.04328536987305 8.55537509918213 7.97043132781982 8.30327892303467 8.52121543884277 8.76070785522461 8.87568473815918 8.95048141479492 9.05538558959961 9.08295059204102 9.20748519897461 9.20748519897461 7.81202793121338 -3.4e+38 -3.4e+38 -3.4e+38 -3.4e+38 -3.4e+38 -3.4e+38 -3.4e+38 -3.4e+38 7.07106781005859 7.05336809158325 6.94622182846069 -3.4e+38 -3.4e+38 -3.4e+38
-3.4e+38 -3.4e+38 -3.4e+38 -3.4e+38 -3.4e+38 -3.4e+38 -3.4e+38 -3.4e+38 -3.4e+38 -3.4e+38 -3.4e+38 -3.4e+38 -3.4e+38 -3.4e+38 -3.4e+38 -3.4e+38 -3.4e+38 -3.4e+38 -3.4e+38 -3.4e+38 -3.4e+38 -3.4e+38 -3.4e+38 8.48691844940186 8.47053718566895 8.54562950134277 8.49673175811768 7.96868848800659 7.92324304580688 7.83865070343018 8.47053718566895 8.45576763153076 8.67467594146729 8.71939086914062 8.84590339660645 9.12414360046387 9.19389915466309 8.88975715637207 9.27062225341797 9.20748519897461 9.29755020141602 8.17686462402344 -3.4e+38 -3.4e+38 -3.4e+38 -3.4e+38 -3.4e+38 -3.4e+38 6.92419290542603 -3.4e+38 6.54047250747681 7.88986682891846 -3.4e+38 -3.4e+38 -3.4e+38 7.8810601234436
-3.4e+38 -3.4e+38 -3.4e+38 -3.4e+38 -3.4e+38 -3.4e+38 -3.4e+38 -3.4e+38 -3.4e+38 -3.4e+38 -3.4e+38 -3.4e+38 -3.4e+38 -3.4e+38 -3.4e+38 -3.4e+38 -3.4e+38 -3.4e+38 -3.4e+38 -3.4e+38 -3.4e+38 8.39808177947998 7.89162683486938 7.64852905273438 7.5018515586853 7.56637287139893 7.8810601234436 7.77817440032959 8.10863780975342 7.96868848800659 8.27815055847168 8.33666610717773 8.56024360656738 8.81917095184326 8.80025291442871 8.43274021148682 8.43274021148682 8.45740985870361 8.17006778717041 8.95823669433594 9 8.3831844329834 8.69067192077637 -3.4e+38 -3.4e+38 -3.4e+38 -3.4e+38 -3.4e+38 6.75976657867432 6.873863697052 -3.4e+38 -3.4e+38 -3.4e+38 7.55718946456909 -3.4e+38 8.09320735931396
9.33333301544189 9.25712966918945 -3.4e+38 -3.4e+38 -3.4e+38 -3.4e+38 -3.4e+38 -3.4e+38 -3.4e+38 -3.4e+38 -3.4e+38 -3.4e+38 -3.4e+38 -3.4e+38 -3.4e+38 -3.4e+38 12.2372379302979 8.20061016082764 8.45576763153076 8.21752834320068 8.45248126983643 8.45248126983643 8.411301612854 8.33666610717773 8.2680778503418 8.22766304016113 8.24621105194092 8.12061882019043 8.35330963134766 8.26135540008545 8.25294589996338 8.03118896484375 8.12061882019043 8.78919792175293 8.8034086227417 8.39808177947998 7.87047910690308 8.3831844329834 7.75850772857666 7.56637287139893 7.84927463531494 7.02574634552002 -3.4e+38 7.82623815536499 -3.4e+38 -3.4e+38 -3.4e+38 -3.4e+38 -3.4e+38 -3.4e+38 -3.4e+38 -3.4e+38 -3.4e+38 -3.4e+38 7.76924133300781 8.19722175598145
9.4970760345459 9.37342548370361 9.21954441070557 9.53210926055908 -3.4e+38 -3.4e+38 -3.4e+38 -3.4e+38 -3.4e+38 -3.4e+38 -3.4e+38 11.3026542663574 9.30203056335449 7.98087978363037 8.66185760498047 8.73371505737305 8.70344734191895 8.57321453094482 8.70504283905029 8.63133811950684 8.68907356262207 11.4540147781372 7.7046160697937 8.32165813446045 8.24284172058105 7.97043132781982 9.31993103027344 7.86518335342407 8.09320735931396 8.66025447845459 8.71779823303223 8.10521125793457 8.51632404327393 8.59909534454346 8.83804893493652 8.46725749969482 7.5166482925415 7.80669212341309 7.77460241317749 7.38429260253906 7.25909376144409 7.46287107467651 -3.4e+38 -3.4e+38 7.67752838134766 7.26483154296875 -3.4e+38 -3.4e+38 -3.4e+38 -3.4e+38 -3.4e+38 -3.4e+38 -3.4e+38 -3.4e+38 -3.4e+38 8.33333301544189
10.4176664352417 9.46191215515137 12.4777584075928 12.2780294418335 10.8050918579102 10.7445077896118 9.59745311737061 9.64365100860596 9.76956748962402 9.87420845031738 9.69536018371582 10.603982925415 9.17877960205078 8.94116592407227 11.3186178207397 13.2014312744141 12.072696685791 14.0277500152588 14.5688018798828 8.81917095184326 8.4376802444458 8.04328536987305 8.9721794128418 7.81024980545044 8.11548614501953 7.98609924316406 13.8754377365112 13.5133676528931 8.12403869628906 12.2281551361084 8.87568473815918 8.44755077362061 8.53098964691162 8.65223121643066 8.57483386993408 8.57483386993408 7.95996952056885 8.09320735931396 8.51142978668213 6.83942794799805 7.99652719497681 7.93725395202637 -3.4e+38 -3.4e+38 -3.4e+38 6.32016181945801 6.30696249008179 6.22718048095703 5.65930891036987 -3.4e+38 -3.4e+38 -3.4e+38 -3.4e+38 -3.4e+38 -3.4e+38 -3.4e+38
11.9582605361938 12.3794183731079 12.0080995559692 9.19389915466309 12.3164300918579 13.7517671585083 9.96382331848145 11.0792598724365 12.7224645614624 11.7898263931274 11.7591571807861 11.9687089920044 10.6118383407593 12.4810972213745 12.5244207382202 13.5687551498413 14.5239267349243 14.0247793197632 13.9801445007324 12.4599361419678 8.27311611175537 8.64259433746338 10.8985214233398 14.9061880111694 14.5688018798828 14.9666299819946 13.6910352706909 14.3681745529175 13.4350290298462 8.48528099060059 8.3831844329834 8.53098964691162 8.67627716064453 8.78919792175293 8.68107795715332 8.51469326019287 8.7241678237915 8.42614936828613 8.88506889343262 7.27056455612183 7.66123008728027 8.19722175598145 -3.4e+38 -3.4e+38 -3.4e+38 -3.4e+38 6.38357257843018 7.16666650772095 6.3857479095459 -3.4e+38 6.61647796630859 -3.4e+38 6.92419290542603 -3.4e+38 -3.4e+38 -3.4e+38
9.80787658691406 10.7445077896118 9.98888301849365 13.1666669845581 12.4298028945923 12.1837778091431 11.2299203872681 11.4139289855957 13.8634214401245 14.2867460250854 11.357816696167 9.64076995849609 11.8790197372437 13.5410900115967 14.1106739044189 13.5462169647217 14.2809114456177 14.1578407287598 13.8904447555542 14.662878036499 13.0479879379272 9.72111129760742 15.1611709594727 15.1858854293823 15.2160367965698 9.64365100860596 15.5170154571533 14.6950483322144 8.51632404327393 8.75277709960938 8.7717981338501 8.69067192077637 8.52610397338867 9.76956748962402 10.9633226394653 8.7717981338501 11.5120706558228 9.10738372802734 7.30486917495728 8.00694179534912 8.87568473815918 8.21583843231201 7.83333349227905 7.79066371917725 6.28048133850098 -3.4e+38 -3.4e+38 5.73972511291504 7.00793218612671 5.7251877784729 6.45066738128662 6.55955600738525 7.44050455093384 -3.4e+38 -3.4e+38 -3.4e+38
10.8857707977295 12.8787078857422 10.1365671157837 11.5758371353149 13.0522451400757 13.0192165374756 10.6418981552124 10.9823093414307 14.0870313644409 14.2663164138794 12.7747583389282 11.300196647644 14.0544576644897 13.8473825454712 14.4741144180298 14.1931123733521 13.7669086456299 14.6116390228271 13.2989139556885 14.7939548492432 9.09670257568359 9.08295059204102 8.81759643554688 9.00617027282715 8.9597864151001 15.982629776001 12.1769361495972 14.1136264801025 15.522385597229 15.4254484176636 8.913161277771 8.12061882019043 8.72894287109375 8.9721794128418 15.8429794311523 12.5343971252441 14.1784267425537 14.6268396377563 8.67627716064453 6.12372446060181 9.30203056335449 8.68907356262207 7.41245222091675 8.23103904724121 6.827232837677 6.56590509414673 5.51009178161621 6.39226961135864 6.39226961135864 7.27056455612183 8.08462142944336 8.17176723480225 7.83865070343018 -3.4e+38 -3.4e+38 -3.4e+38
11.651180267334 11.5 9.62346649169922 10.3695602416992 12.8722352981567 12.7453699111938 13.494854927063 12.7812795639038 13.2664995193481 12.4944429397583 10.0388135910034 11.5301532745361 13.1254625320435 14.3614063262939 14.5859518051147 14.3701076507568 14.3439884185791 14.2077836990356 14.9898109436035 14.3652744293213 13.0384044647217 15.8271913528442 15.4605236053467 16.2489318847656 16.0268878936768 15.5964736938477 16.0934772491455 16.7315406799316 13.4546566009521 16.192419052124 16.5159854888916 16.1331272125244 12.1449575424194 13.4257211685181 14.914571762085 17.0057182312012 17.1058788299561 16.6090679168701 15.5116443634033 6.94622182846069 8.04846477508545 8.38815307617188 8.07430744171143 6.827232837677 8.27815055847168 8.76704692840576 8.66185760498047 13.7396421432495 13.9592657089233 12 8.20230293273926 9.32737922668457 9.23459720611572 8.47709369659424 -3.4e+38 -3.4e+38
10.2034854888916 10 9.93730354309082 14.5267953872681 14.2565774917603 11.9803075790405 10.2929315567017 11.1592016220093 10.6653642654419 10.548828125 10.1857748031616 12.2179288864136 12.410792350769 14.2721567153931 15.2807064056396 14.7563543319702 11.8614692687988 13.34166431427 13.6666669845581 12.6567945480347 13.34166431427 12.4643936157227 12.5543260574341 8.5 11.6845102310181 10.7522611618042 16.4957904815674 16.0779342651367 8.95823669433594 14.8501777648926 17.1973838806152 15.7700490951538 16.4164543151855 11.7366943359375 17.4928550720215 17.2988433837891 17.2409400939941 16.5839614868164 15.3740406036377 9.13023090362549 11.1927556991577 12.2927255630493 12.7159128189087 13.4855890274048 13.0522451400757 15.2725238800049 10.9747180938721 20.0921497344971 16.5906600952148 20.5473709106445 14.5697555541992 20.3224010467529 19.4600734710693 20.5615615844727 16.4772567749023 20.8353328704834
8.81917095184326 11.5433959960938 11.1479940414429 10.8050918579102 14.2741022109985 14.5602197647095 10.2238826751709 10.3655414581299 10.3896312713623 10.124228477478 15.3133926391602 11.6165590286255 15.5331192016602 12.4376220703125 14.6695070266724 15.5599203109741 15.2233371734619 15.2379274368286 15.9147033691406 16.1821231842041 16.0034713745117 15.5643825531006 11.9035472869873 16.2403812408447 11.7058868408203 7.74237966537476 16.1795482635498 8.63777256011963 16.3248271942139 17.2393283843994 15.1143789291382 17.5055541992188 17.2707195281982 17.3837413787842 19.8899745941162 17.5428047180176 20.189380645752 17.8745632171631 17.723180770874 18.1253356933594 13.1729946136475 20.913179397583 21.2531051635742 21.2609443664551 16.5311145782471 20.3988018035889 14.4837074279785 18.8907680511475 14.0247793197632 11.4467363357544 20.255313873291 20.6639785766602 6.14410305023193 14.9592037200928 20.8693027496338 16.1150379180908
17.9032897949219 20.2758750915527 14.9925909042358 20.2984676361084 18.9150142669678 15.522385597229 12.4074354171753 13.9861040115356 11.5229244232178 14.9164342880249 16.2694320678711 18.961217880249 17.9567375183105 18.7090301513672 15.8201704025269 15.44704246521 15.8201704025269 15.0314483642578 16.1846981048584 15.9147033691406 15.549204826355 15.9530563354492 15.8350877761841 10.8294868469238 14.9480581283569 12.4543609619141 10.4655523300171 11.8614692687988 9.98471069335938 18.9502277374268 18.3847770690918 18.9326286315918 17.8955307006836 21.4831981658936 21.5934658050537 21.2190952301025 15.1410036087036 16.1124515533447 18.8480777740479 17.6068172454834 21.9816837310791 21.4793186187744 10.7354555130005 4.90181350708008 13.2392511367798 18.9017925262451 9.81637001037598 20.1749286651611 14.2809114456177 3.93700385093689 20.8693027496338 20.9390659332275 13.946325302124 15.0729703903198 18.9472961425781 15.4515371322632
15.5946931838989 15.5322246551514 19.3455429077148 19.8683166503906 20.1121845245361 19.7420864105225 18.2619819641113 17.6351928710938 17.6690254211426 15.5 15.2725238800049 15.1061058044434 15.1904573440552 16.3409843444824 15.5643825531006 15.888500213623 15.9695892333984 14.9424819946289 16.1864147186279 16.1692428588867 16.1563549041748 15.8069953918457 15.8491153717041 16.5914974212646 16.5260734558105 16.6165904998779 15.8096313476562 12.6863880157471 19.1231384277344 18.1597843170166 19.4679222106934 19.1187801361084 21.89621925354 21.9203109741211 21.9203109741211 22.1478614807129 22.4820919036865 22.3997764587402 16.8506507873535 15.2543258666992 18.8015956878662 15.4434452056885 31.3333339691162 61.1366882324219 8.93028545379639 20.6276512145996 19.6793746948242 17.812292098999 43.430980682373 7.46659231185913 20.1183986663818 24.6903038024902 57.0155906677246 46.1302490234375 29.4533538818359 12.8495569229126
7.63944435119629 7.81024980545044 10.9519147872925 11.1355285644531 11.7792186737061 15.9304046630859 21.3762588500977 18.2124805450439 15.9843673706055 15.9852361679077 13.955286026001 13.7699346542358 15.0978288650513 21.2485294342041 21.3248672485352 15.7964487075806 15.44704246521 14.8408222198486 15.9408626556396 16.054594039917 15.8271913528442 16.860538482666 16.1692428588867 16.0969295501709 16.0450744628906 16.8671283721924 20.3531322479248 19.5476627349854 19.3778228759766 17.5 22.6077671051025 22.1020355224609 22.6188220977783 22.7400779724121 19.0947933197021 22.8315086364746 22.8278579711914 22.9292392730713 21.6358757019043 21.3131408691406 18.6666660308838 13.1381549835205 23.0867919921875 47.014476776123 4.5276927947998 15.215124130249 11.9524517059326 21.4268779754639 14.0801277160645 59.6610794067383 15.5304365158081 2.69258236885071 30.8643989562988 55.3942947387695 12.9978628158569 7.78531360626221
8.23103904724121 8.22259712219238 8.36826038360596 8.36327934265137 11.48912525177 16.8753604888916 17.8185291290283 18.6152572631836 20.9708786010742 23.1072387695312 23.5584373474121 21.8632106781006 23.0873947143555 22.8527889251709 23.2456684112549 21.89621925354 16.1012420654297 14.5926160812378 14.6201915740967 14.745997428894 15.2069063186646 16.1486148834229 16.2258358001709 15.9408626556396 16.9049625396729 16.8283824920654 16.9811992645264 19.1340293884277 18.6010761260986 22.8315086364746 22.6905517578125 22.9570846557617 23.1288661956787 23.2647800445557 19.8920707702637 23.8117618560791 23.1036319732666 19.3326148986816 21.8485946655273 21.5754489898682 14.2828569412231 13.4814691543579 10.4761638641357 7.82623815536499 10.8627805709839 7.46659231185913 2.83333325386047 19.8941650390625 14.662878036499 34.4955711364746 32.5465469360352 1.80277562141418 48.7749938964844 55.4927406311035 48.3993797302246 50.6592636108398
9.31545925140381 10.2726716995239 11.3075685501099 13.4515590667725 17.3140926361084 22.5505599975586 22.3439025878906 21.7357864379883 20.8293323516846 19.0357856750488 22.4950618743896 22.6660537719727 22.805944442749 22.8363742828369 23.9426403045654 23.0096607208252 23.2701530456543 16.3401355743408 13.648362159729 13.6392002105713 13.9353666305542 14.2048501968384 15.0083312988281 16.4426612854004 16.5537853240967 16.5210304260254 16.0779342651367 17.670597076416 17.3573551177979 22.2991027832031 23.6261386871338 19.9610729217529 23.1396732330322 23.3291664123535 21.6762790679932 22.7547302246094 22.688102722168 16.4755706787109 15.9356346130371 21.8256988525391 17.924222946167 15.4847593307495 3.90512490272522 14.4865837097168 24.6057815551758 52.2087173461914 32.0914497375488 13.2003784179688 33.5053901672363 44.0882949829102 42.1366806030273 34.9428100585938 46.1302490234375 48.8094367980957 57.5473251342773 61.310230255127
18.4556522369385 14.5009574890137 13.1413259506226 18.8082427978516 19.9185848236084 18.5524787902832 16.4020671844482 14.5602197647095 14.0890026092529 12.1449575424194 13.3041343688965 22.8989334106445 19.5831565856934 19.2483768463135 13.0586280822754 15.2643375396729 16.1941356658936 12.839825630188 14.3884601593018 14.3961801528931 14.8408222198486 14.8052167892456 15.3686189651489 16.7514514923096 17.7090682983398 16.8951015472412 17.503173828125 16.4856834411621 17.0008163452148 13.3832397460938 13.7669086456299 15.3948040008545 21.2432994842529 21.9601917266846 9.64365100860596 23.345235824585 15.3704261779785 15.7515430450439 16.9689254760742 21.1902751922607 21.960823059082 22.1810722351074 21.6300964355469 21.9829483032227 8.04328536987305 32.1251907348633 42.4699249267578 42.1366806030273 7.2188024520874 35.7798042297363 47.7199592590332 27.7478733062744 3.15348124504089 1.74005103111267 62.7455177307129 48.7698669433594
