sd_MH.asc
NCOLS 427 
NROWS 362 
XLLCORNER -9.541666667 
YLLCORNER 36 
CELLSIZE 0.0416666666674473 
NODATA_value -3.4e+38 
[rows 132 to 153 of 362, columns 200 to 249 of 427]
-3.4e+38 -3.4e+38 -3.4e+38 37.0712509155273 -3.4e+38 -3.4e+38 53.8526802062988 57.4739074707031 50.0594100952148 72.1141052246094 78.4098892211914 141.581939697266 145.827331542969 156.170135498047 162.462310791016 162.313049316406 158.569732666016 149.480026245117 145.897888183594 129.784225463867 118.125991821289 105.894729614258 100.734802246094 73.4897918701172 73.8816604614258 74.5214385986328 76.416618347168 77.8392181396484 77.6891937255859 78.2721405029297 78.3471603393555 78.7099075317383 74.9885177612305 77.8989715576172 78.8840560913086 83.5149688720703 82.1595687866211 81.4094619750977 80.512077331543 85.2057952880859 99.8671340942383 81.5507659912109 79.1440353393555 78.0800857543945 73.8542098999023 70.8378448486328 71.3707046508789 67.4137344360352 66.8962707519531 66.7120666503906
-3.4e+38 -3.4e+38 32.186092376709 -3.4e+38 -3.4e+38 -3.4e+38 -3.4e+38 -3.4e+38 50.6584434509277 70.8456878662109 73.1074142456055 139.539215087891 144.787780761719 160.088607788086 161.614517211914 161.502319335938 158.993713378906 150.399475097656 147.637222290039 131.676681518555 124.314903259277 108.499740600586 101.429779052734 72.7675170898438 72.8276138305664 75.7800216674805 77.1185989379883 76.555534362793 77.7626342773438 77.2172241210938 74.4177398681641 74.3860015869141 75.7717666625977 80.0376663208008 80.6067276000977 83.2210922241211 83.2210922241211 81.9457778930664 81.4981231689453 82.4405517578125 81.2082366943359 78.1744842529297 78.2737350463867 77.1223754882812 76.4133529663086 74.0091934204102 68.5054779052734 71.5590286254883 67.470573425293 66.7771987915039
-3.4e+38 27.4443874359131 28.2552852630615 33.0647506713867 37.884693145752 -3.4e+38 -3.4e+38 -3.4e+38 -3.4e+38 58.8305015563965 72.1803283691406 135.731460571289 138.287246704102 154.671432495117 159.638748168945 162.590744018555 162.324356079102 150.602493286133 149.65544128418 135.677001953125 131.165710449219 109.435417175293 106.870376586914 74.229377746582 74.2660369873047 73.9188766479492 74.0407180786133 75.6191101074219 76.1557235717773 75.0083312988281 73.5460891723633 73.9528732299805 73.8615417480469 80.549674987793 82.4848480224609 84.7886276245117 85.2375793457031 84.4422912597656 84.3371200561523 84.2985763549805 81.6700668334961 81.5221481323242 78.59619140625 74.9607315063477 73.8147048950195 74.0407180786133 84.2829208374023 76.6296997070312 67.309196472168 68.0387954711914
-3.4e+38 27.2936706542969 27.7298469543457 31.5136661529541 36.6742401123047 41.4661827087402 43.6762084960938 -3.4e+38 -3.4e+38 -3.4e+38 -3.4e+38 138.378112792969 138.635711669922 152.182266235352 158.043502807617 161.749893188477 160.967208862305 150.231307983398 147.512802124023 134.722045898438 130.907516479492 109.720100402832 106.428115844727 74.3673324584961 72.7354431152344 74.04052734375 74.0810394287109 75.8778228759766 76.3873519897461 73.8598556518555 74.1518707275391 73.9493103027344 74.4324798583984 82.2695465087891 82.5021896362305 86.171989440918 86.0606994628906 84.7360305786133 82.1154327392578 82.1899871826172 82.6182632446289 79.1977157592773 76.5132522583008 77.5177383422852 76.1464233398438 88.3936920166016 87.0761184692383 79.0492095947266 76.3447952270508 72.9623184204102
-3.4e+38 19.8753051757812 28.1429882049561 29.7886066436768 32.9431343078613 38.6364822387695 41.9970245361328 42.8777313232422 -3.4e+38 -3.4e+38 -3.4e+38 125.534965515137 137.886825561523 147.666107177734 154.738311767578 159.156463623047 160.505447387695 154.462783813477 148.478485107422 137.133850097656 131.082778930664 109.220848083496 108.6279296875 74.2596817016602 73.7113342285156 73.1837463378906 73.7186813354492 74.1299514770508 74.5454711914062 74.7947158813477 74.2536926269531 77.5419235229492 78.3035430908203 80.9780502319336 82.425895690918 85.1030426025391 81.624137878418 85.0279388427734 85.0001602172852 81.7893600463867 78.5192794799805 78.5891189575195 80.3354110717773 79.4968566894531 81.3143768310547 97.8544845581055 86.3510284423828 79.1550903320312 77.8461837768555 75.0485000610352
-3.4e+38 16.9926452636719 19.3957328796387 22 26.8560981750488 33.8082847595215 39.1726951599121 42.6907501220703 43.9700012207031 -3.4e+38 -3.4e+38 -3.4e+38 136.304901123047 148.059478759766 152.919906616211 156.896026611328 156.318145751953 149.883941650391 146.288619995117 136.489013671875 132.912048339844 111.009010314941 108.667434692383 74.3000640869141 72.7514801025391 71.9660415649414 71.79736328125 73.0053253173828 72.7444152832031 74.5560913085938 74.520133972168 80.9008331298828 76.0966110229492 82.1553421020508 83.1715087890625 88.975341796875 83.2292709350586 90.4309158325195 87.2961120605469 82.4424057006836 85.9104843139648 84.3637924194336 86.1966400146484 84.0059509277344 88.7089462280273 99.0807723999023 82.2269897460938 81.567626953125 79.2103424072266 75.895393371582
-3.4e+38 14.6969385147095 17.0008163452148 18.7823791503906 22.5499439239502 29.0507221221924 33.792667388916 32.1264877319336 38.1313514709473 57.9736518859863 -3.4e+38 -3.4e+38 136.636474609375 145.339263916016 146.320526123047 157.390441894531 158.316146850586 152.888031005859 150.463821411133 136.91764831543 135.014297485352 114.050430297852 108.508193969727 74.175651550293 74.8505935668945 72.7428894042969 74.5979995727539 74.4531936645508 73.8857955932617 78.5527038574219 78.5111465454102 78.581169128418 77.4757995605469 80.4131698608398 90.5111999511719 93.2174911499023 90.290885925293 85.0790481567383 86.8280563354492 84.2680892944336 83.7657089233398 89.0067138671875 102.46475982666 100.863906860352 91.672119140625 89.4475326538086 89.8119964599609 82.1888046264648 79.8161087036133 90.802131652832
-3.4e+38 11.2447519302368 13.2957801818848 18.1964588165283 21.1765060424805 24.4409713745117 26.9062156677246 29.1719036102295 32.7948150634766 48.6289825439453 66.7289276123047 -3.4e+38 140.344024658203 146.903411865234 149.269058227539 160.50700378418 159.616821289062 152.204635620117 150.685195922852 136.925155639648 132.752700805664 111.068672180176 107.544692993164 75.3110198974609 74.8197860717773 74.1333236694336 72.4990386962891 73.9258270263672 76.5669631958008 78.5500564575195 79.5420913696289 75.2375869750977 80.6005249023438 91.54931640625 92.3173904418945 93.2176361083984 92.9988021850586 91.266242980957 92.561393737793 92.7367858886719 96.3977584838867 105.981132507324 101.754608154297 97.8980484008789 89.5401840209961 98.3234481811523 98.5377807617188 80.6163787841797 93.6466445922852 110.658256530762
-3.4e+38 10.3534746170044 11.8532695770264 18.0077152252197 20.9311046600342 22.2136096954346 24.4119739532471 25.5538654327393 28.2316799163818 42.3412055969238 60.4333877563477 -3.4e+38 136.398315429688 146.596771240234 149.163589477539 163.512313842773 157.998245239258 150.639007568359 146.402786254883 135.862060546875 132.533432006836 115.328880310059 110.686492919922 76.6405715942383 75.9634399414062 72.9522323608398 73.8596649169922 76.0624771118164 77.6741790771484 78.8558807373047 79.3538131713867 88.373893737793 90.8405227661133 91.5696487426758 91.3748397827148 91.238395690918 91.0669784545898 89.7066192626953 90.6118087768555 89.0772171020508 87.7268524169922 101.844787597656 93.6435317993164 107.709098815918 104.301246643066 118.913833618164 104.271812438965 106.115501403809 113.579025268555 126.652191162109
-3.4e+38 10.4136657714844 10.4655523300171 13.6361446380615 15.8271913528442 21.3541564941406 20.288200378418 22.2117328643799 26.7384452819824 41.7445945739746 55.0386238098145 -3.4e+38 -3.4e+38 143.519165039062 145.719009399414 159.869827270508 158.609939575195 149.608474731445 145.157485961914 134.925903320312 133.482940673828 117.211349487305 112.473083496094 78.1512069702148 75.9638061523438 72.7892684936523 74.1838912963867 77.4709625244141 78.2306060791016 78.7910385131836 80.3125839233398 87.8421859741211 91.5752563476562 91.8939590454102 93.3034210205078 92.6270904541016 90.888671875 89.2964782714844 87.2682647705078 82.9182968139648 86.5346755981445 97.1109008789062 117.711631774902 126.825668334961 125.91862487793 123.198013305664 123.363059997559 132.031036376953 129.508682250977 129.774597167969
-3.4e+38 10.2713193893433 10.1612005233765 12.8203401565552 13.3977613449097 18.5075054168701 20.7049369812012 21.8059616088867 25.1396102905273 37.8597564697266 43.2579460144043 87.5114288330078 -3.4e+38 138.004531860352 139.619827270508 157.222778320312 154.339721679688 152.322845458984 145.740158081055 137.224273681641 135.741271972656 119.2392578125 115.120590209961 79.5583267211914 75.8139190673828 74.6264801025391 76.612663269043 78.9224319458008 77.2609252929688 79.4661026000977 82.2830505371094 91.4111557006836 92.6437301635742 91.9833908081055 92.8319854736328 94.810920715332 91.6924209594727 92.726448059082 93.9260940551758 91.7184677124023 105.807609558105 130.411849975586 130.192596435547 130.540222167969 128.959075927734 124.685607910156 121.6953125 118.029655456543 126.750846862793 121.43928527832
12.2655792236328 10.4854393005371 10.3440799713135 12.1461009979248 14.4827480316162 16.0839805603027 18.3333339691162 22.6059226989746 22.9455871582031 34.6041107177734 43.9519958496094 74.3086624145508 -3.4e+38 133.337921142578 131.674575805664 147.547256469727 152.586135864258 153.374908447266 148.856292724609 135.260040283203 134.824066162109 116.578773498535 112.675170898438 79.9640579223633 76.8251953125 77.422721862793 77.6387634277344 78.6354141235352 77.0439987182617 79.00439453125 82.5592346191406 93.0752410888672 92.1770629882812 92.7833480834961 93.5210876464844 93.8123092651367 95.0330352783203 96.9442825317383 111.660202026367 115.318878173828 125.447311401367 127.605621337891 122.934715270996 125.228904724121 125.445320129395 122.449081420898 119.019020080566 108.666923522949 122.014343261719 129.410202026367
19.4279289245605 17.0863819122314 10.5237827301025 18.5726795196533 12.4298028945923 15.1410036087036 16.9263114929199 19.1514434814453 22.1641597747803 33.0256652832031 39.821475982666 73.9635772705078 88.3804931640625 137.25341796875 128.72785949707 150.808197021484 153.015518188477 155.725540161133 152.813613891602 138.528884887695 135.551132202148 117.395462036133 113.88639831543 82.126091003418 76.3036727905273 75.211555480957 76.2169799804688 79.0094909667969 79.6335372924805 78.2623825073242 79.5923614501953 87.7578735351562 90.3462448120117 87.9317932128906 91.3497543334961 92.7146148681641 96.5381317138672 105.76244354248 114.651649475098 113.406349182129 104.53840637207 123.641616821289 122.680252075195 132.021881103516 132.961563110352 123.931434631348 120.027076721191 125.746215820312 122.476303100586 125.292770385742
19.470775604248 15.7955694198608 17 18.8944435119629 19.0131530761719 14.807092666626 15.3957061767578 18.8443927764893 19.3713703155518 31.3625755310059 38.8301124572754 63.4089469909668 84.5420684814453 129.387771606445 137.888946533203 156.502212524414 156.517929077148 152.488616943359 148.857315063477 136.674896240234 135.250183105469 118.387901306152 112.578247070312 82.1127243041992 77.0277709960938 74.9846267700195 75.8036575317383 79.6162643432617 78.5383834838867 79.4811325073242 78.5302505493164 86.6964721679688 91.4436645507812 92.122200012207 92.8315353393555 97.9844055175781 99.3828201293945 113.584526062012 112.779655456543 116.360427856445 117.454360961914 126.602172851562 123.442291259766 127.431137084961 130.150985717773 140.876525878906 137.482833862305 137.549179077148 137.035583496094 138.345077514648
18.8944435119629 15.7718105316162 17.0513935089111 19.0160751342773 19.4064712524414 19.3390789031982 20.8865985870361 18.0539321899414 19.4429359436035 24.9048194885254 37.4566421508789 80.5900115966797 103.996528625488 125.840179443359 132.4658203125 153.683120727539 158.92529296875 151.331588745117 148.286972045898 140.661636352539 140.838562011719 119.485816955566 115.890510559082 95.7580871582031 89.8763046264648 74.0101318359375 75.3609848022461 79.8985443115234 79.7088470458984 79.5211334228516 78.8336868286133 89.2852783203125 91.5614547729492 91.9734268188477 91.9049911499023 96.8372039794922 97.1319274902344 113.773284912109 113.659332275391 126.786018371582 126.727836608887 129.931503295898 132.450408935547 130.649337768555 131.648620605469 140.609786987305 140.858474731445 143.023406982422 137.894882202148 137.981979370117
20.2669677734375 16.7738227844238 15.8069953918457 18.7949466705322 19.1013374328613 18.8414440155029 20.6276512145996 22.6206645965576 19.4515075683594 24.355583190918 30.7684001922607 80.7728271484375 97.5781707763672 125.183868408203 129.238159179688 151.162811279297 157.246704101562 150.104782104492 148.801422119141 142.283554077148 141.831573486328 121.347068786621 117.771789550781 90.9326705932617 81.2528610229492 75.473503112793 77.7663879394531 78.4385833740234 78.8925094604492 79.7241744995117 78.9746780395508 89.3925476074219 93.1858978271484 92.1105880737305 96.0444030761719 111.69539642334 98.7645874023438 116.621185302734 125.912445068359 130.634033203125 131.692611694336 137.316650390625 137.190567016602 136.603546142578 146.523986816406 144.422515869141 143.867126464844 143.932373046875 144.455688476562 143.093307495117
20.3189830780029 18.343936920166 16.9115352630615 18.910608291626 18.5270080566406 18.7934684753418 18.8686981201172 21.9816837310791 23.7650527954102 32.6806945800781 32.675594329834 57.0864372253418 79.5860824584961 120.011573791504 126.091239929199 150.505813598633 152.155990600586 146.330200195312 146.529006958008 138.537704467773 136.703552246094 120.777114868164 118.494842529297 89.9325332641602 76.6289749145508 75.4145965576172 76.6139297485352 77.386116027832 78.3232269287109 76.6873168945312 78.2412567138672 90.6639099121094 92.7887420654297 93.4350662231445 105.105895996094 100.249412536621 116.722007751465 126.440811157227 129.09782409668 135.345962524414 143.348449707031 152.633087158203 156.104217529297 155.601348876953 154.635955810547 156.33039855957 148.000091552734 147.84912109375 162.245178222656 170.125030517578
22.4857978820801 20.6760730743408 20.5575065612793 20.2299289703369 21.0125617980957 18.8944435119629 19.0029239654541 21.3059711456299 23.2271385192871 33.2645111083984 34.4169692993164 54.2750205993652 70.4954681396484 118.317138671875 124.831886291504 143.279251098633 142.847915649414 137.632766723633 133.864456176758 126.983047485352 134.141510009766 118.271697998047 118.191345214844 81.8440246582031 77.0677947998047 76.9628372192383 75.8353500366211 77.8187026977539 76.2306442260742 77.0519332885742 80.1172714233398 93.3903121948242 94.4497222900391 97.2399673461914 118.16349029541 123.161476135254 134.08952331543 139.322570800781 144.160018920898 159.572860717773 164.562301635742 170.145614624023 167.869003295898 163.042770385742 161.442718505859 169.864974975586 169.727310180664 179.514617919922 181.6806640625 180.278793334961
22.1528778076172 20.6397666931152 20.9788246154785 22.5665683746338 23.8979320526123 21.9152412414551 20.2731342315674 20.8952407836914 22.1641597747803 30.5245800018311 34.317554473877 52.0843315124512 80.8214797973633 118.380744934082 125.745223999023 140.907577514648 144.300903320312 137.066696166992 135.346267700195 126.595596313477 131.731201171875 112.430473327637 111.172164916992 81.7564163208008 77.0829315185547 76.2627029418945 78.0706558227539 78.9667663574219 77.9018249511719 80.1401519775391 81.267219543457 89.9700546264648 91.6171112060547 100.590065002441 100.366546630859 120.359878540039 120.885391235352 134.430389404297 145.349380493164 156.877700805664 169.469757080078 174.76985168457 174.320907592773 168.567581176758 169.476486206055 174.279067993164 176.737411499023 175.568435668945 170.901123046875 169.980224609375
22.194845199585 20.5669631958008 20.6303443908691 21.2837963104248 22.258581161499 23.8333339691162 20.2326736450195 21.0890960693359 21.7817459106445 29.2023582458496 33.4194717407227 66.5634613037109 83.2587966918945 119.565299987793 124.499443054199 141.910568237305 141.256072998047 136.176452636719 134.875045776367 126.942680358887 123.71842956543 103.223594665527 107.856384277344 79.6358032226562 76.8588180541992 74.7386169433594 74.8639526367188 77.2815933227539 77.3643951416016 78.4474334716797 84.2600173950195 92.020378112793 92.4393157958984 96.3852233886719 98.4847717285156 119.372436523438 125.466239929199 134.69172668457 139.087005615234 158.654495239258 161.081329345703 167.378311157227 174.451354980469 174.391403198242 172.677276611328 175.21272277832 175.125991821289 177.167297363281 175.812393188477 175.508865356445
-3.4e+38 -3.4e+38 -3.4e+38 21.0264377593994 22.5444011688232 24.0854949951172 23.6596240997314 25.145133972168 22.9292392730713 31.1666660308838 32.5614814758301 68.7077178955078 84.2987442016602 107.09691619873 125.110954284668 141.79914855957 141.907928466797 136.345245361328 132.927093505859 124.52855682373 122.974700927734 106.044929504395 110.606285095215 79.8201065063477 77.0877914428711 76.3595275878906 75.2553024291992 76.1562728881836 77.4501647949219 78.507080078125 78.8003845214844 88.1539077758789 92.8683319091797 93.8972549438477 97.1559448242188 115.494346618652 129.139465332031 135.614135742188 145.224349975586 165.560241699219 170.112457275391 169.776397705078 175.520965576172 177.41828918457 176.26188659668 181.145050048828 181.575744628906 178.596618652344 179.290573120117 187.017379760742
-3.4e+38 -3.4e+38 -3.4e+38 -3.4e+38 20.6888313293457 24.1235256195068 24.0803050994873 24.5532302856445 25.7703533172607 32.5998458862305 44.4469108581543 82.3576202392578 87.8475646972656 106.592681884766 112.535301208496 140.149032592773 140.575103759766 135.444427490234 130.633071899414 130.725860595703 122.601768493652 104.789070129395 109.716430664062 76.7144775390625 76.4189834594727 76.554084777832 76.1675796508789 77.7540664672852 77.8606338500977 77.9392547607422 81.3492126464844 87.0121307373047 96.7677612304688 98.1758651733398 97.801383972168 117.207557678223 134.643981933594 147.019653320312 161.200271606445 175.707458496094 173.682174682617 184.659149169922 186.108169555664 189.396926879883 190.785949707031 191.867797851562 193.488235473633 194.282302856445 186.850051879883 190.222961425781
