sd_MH.asc
NCOLS 427 
NROWS 362 
XLLCORNER -9.541666667 
YLLCORNER 36 
CELLSIZE 0.0416666666674473 
NODATA_value -3.4e+38 
[rows 192 to 215 of 362, columns 212 to 264 of 427]
7.60664892196655 9.94708251953125 6.105553150177 15.8666315078735 12.9432525634766 14.6439218521118 8.565110206604 14.3507642745972 13.7638816833496 14.6837024688721 10.7948036193848 13.4979419708252 13.2476415634155 11.1853075027466 11.3663730621338 9.83615779876709 10.8946981430054 10.3091115951538 4.09267616271973 4.22624063491821 4.41588020324707 4.42844343185425 5.00277709960938 5.25462770462036 5.92546272277832 6.11237382888794 5.91607999801636 6.33990907669067 6.44204950332642 5.83095169067383 -3.4e+38 -3.4e+38 -3.4e+38 -3.4e+38 -3.4e+38 -3.4e+38 -3.4e+38 -3.4e+38 -3.4e+38 -3.4e+38 -3.4e+38 -3.4e+38 -3.4e+38 -3.4e+38 -3.4e+38 -3.4e+38 6.06217765808105 6.20035839080811 -3.4e+38 -3.4e+38 -3.4e+38 -3.4e+38 -3.4e+38
10.6861801147461 15.3306159973145 8.6039400100708 14.2653427124023 11.0729904174805 8.75753688812256 14.3507642745972 14.534441947937 5.65194177627563 11.7130031585693 13.4824991226196 12.1151876449585 12.1151876449585 11.6404466629028 10.0926265716553 9.69249439239502 3.12249898910522 2.12785744667053 6.42261648178101 6.65415477752686 2.95803999900818 2.64575123786926 3.52766847610474 4.35889911651611 5.23078489303589 5.04424858093262 4.95255279541016 3.84057283401489 5.41858959197998 5.08538198471069 6.105553150177 -3.4e+38 5.38516473770142 6.06217765808105 6.04382133483887 -3.4e+38 -3.4e+38 6.11237382888794 -3.4e+38 -3.4e+38 -3.4e+38 -3.4e+38 -3.4e+38 -3.4e+38 -3.4e+38 -3.4e+38 -3.4e+38 -3.4e+38 -3.4e+38 -3.4e+38 -3.4e+38 -3.4e+38 -3.4e+38
11.4066257476807 13.5830774307251 5.12618541717529 13.2235059738159 11.4212274551392 4.34293794631958 13.2706861495972 13.3020467758179 10.7095489501953 11.8438920974731 13.6656503677368 12.0933866500854 10.5948104858398 11.4175786972046 12.0254364013672 9.69249439239502 8.66025447845459 5.65685415267944 2.93446946144104 7.97565746307373 4.6577296257019 8.70344734191895 2.69258236885071 8.71939086914062 7.72981262207031 3.24037027359009 3.21886801719666 8.86002254486084 6.48074054718018 4.7987265586853 4.51232862472534 5.30984401702881 5.86893892288208 4.72875356674194 5.38516473770142 4.63680934906006 5.06896877288818 4.34293794631958 5.17203998565674 5.1961522102356 4.04488706588745 5.1961522102356 5.86183500289917 -3.4e+38 -3.4e+38 -3.4e+38 -3.4e+38 6.53409862518311 5.83095169067383 5.79750919342041 6.12599182128906 6.20483684539795 6.3639612197876
7.57371187210083 14.2077836990356 12.6787223815918 13.275918006897 13.1814260482788 6.25388765335083 13.8744373321533 5.5 25.1534175872803 20.6787605285645 6.76592779159546 9.98471069335938 7.13169765472412 3.04594445228577 7.29725980758667 2.50554943084717 9.11652946472168 10.2969789505005 18.6279354095459 19.9213733673096 24.4307403564453 3.52766847610474 8.16666698455811 7.72981262207031 7.72981262207031 3.15348124504089 5.63471364974976 8.3931188583374 10.1091270446777 3.90512490272522 4.63680934906006 4.96935033798218 5.97913026809692 3.7749171257019 6.72681188583374 8.12574768066406 3.34580993652344 5.93950986862183 3.7749171257019 5.1961522102356 5.62978172302246 6.3639612197876 5.59016990661621 5.754225730896 5.10990333557129 6.81909084320068 5.23078489303589 3.96862697601318 3.73422598838806 4.99444150924683 5.01109886169434 4.21307468414307 3.96862697601318
4.41902446746826 12.1243553161621 9.51898670196533 14.6287384033203 4.21637010574341 26.618185043335 12.3389625549316 3.2702362537384 6.70820379257202 33.7704658508301 4.30439043045044 3.42782735824585 7.14142847061157 4.66368961334229 7.38429260253906 3.04594445228577 1.87082874774933 5.50252485275269 4.34293794631958 2.95803999900818 21.7485637664795 22.5690307617188 19.2209377288818 0.5 9.93730354309082 3.35410189628601 5.22015333175659 8.85218143463135 10.236102104187 9.00154304504395 6.79051637649536 4.12647294998169 4.72875356674194 4.89897966384888 3.7749171257019 8.04328536987305 7.51849555969238 7.69920635223389 6.64789009094238 6.20035839080811 4.06201934814453 5.25462770462036 3.97212505340576 6.89202451705933 4.23608827590942 6.09872484207153 6.3857479095459 5.95818758010864 6.24722146987915 6.14636278152466 4.08588361740112 7.04351568222046 6.86982107162476
8.47709369659424 3.23178648948669 3.65528535842896 13.865424156189 4.24264049530029 7.08872365951538 6.9121470451355 3.5355339050293 27.1344394683838 35.4251937866211 26.8705749511719 28.6942691802979 31.7468280792236 6.61647796630859 4.69337606430054 32.8747634887695 7.54615449905396 4.97772836685181 14.0089254379272 34.0738563537598 34.4710006713867 28.2179012298584 35.1595573425293 2.35112261772156 10.2483062744141 3.21886801719666 5.94652080535889 10.236102104187 9.91211414337158 8.06398010253906 8.46233463287354 4.63680934906006 8.17686462402344 8.2680778503418 4.18330001831055 5.29150247573853 8.48528099060059 9.61769199371338 8.39808177947998 4.87339735031128 5.37225389480591 5.84047174453735 9.16515159606934 8.7765474319458 5.94652080535889 5.95818758010864 5.85234975814819 4.79003572463989 4.57650995254517 5.12618541717529 5.49494695663452 9.23459720611572 8.1615629196167
5.17472505569458 20.9947090148926 5.68135356903076 10.232029914856 6.9121470451355 18.6279354095459 15.6666669845581 7.0316743850708 20.6276512145996 26.9912528991699 40.0149269104004 40.6632499694824 25.0638065338135 33.1063117980957 25.2361068725586 40.6078796386719 4.91878461837769 8.45248126983643 23.4064331054688 38.1379089355469 33.9337577819824 0.70710676908493 0.866025388240814 7.22841596603394 4.43784236907959 6.5 6.28490257263184 8.38815307617188 8.40799903869629 7.09068250656128 5.63471364974976 4.63680934906006 8.35164642333984 7.22841596603394 6.11918640136719 8.55862140655518 8.30327892303467 11.0277423858643 10.0623054504395 9.75249290466309 10.3198833465576 9.64941024780273 9.25712966918945 9.74821949005127 6.94622182846069 4.21307468414307 5.13430738449097 4.53994607925415 3.7080991268158 7.77996015548706 8.11548614501953 8.90224647521973 10.2347450256348
3.62092685699463 6.80277729034424 16.3333339691162 16 5.83095169067383 7.36545991897583 23.9310359954834 5.59016990661621 3.50396609306335 3.39116501808167 40.8496551513672 26.9490261077881 40.4468116760254 40.9728889465332 34.5281677246094 33.068531036377 6.96020412445068 5.15051221847534 3.3082389831543 34.4556884765625 1.78730082511902 3.71184301376343 8.18535232543945 0.440958559513092 7.90569400787354 3.89800524711609 8.46233463287354 10.3682203292847 10.5052900314331 8.46233463287354 8.33333301544189 3.9405300617218 8.62328910827637 3.90512490272522 10.4416370391846 10.0871200561523 9.62779521942139 7.31057071685791 9.17877960205078 24.0779991149902 7.84396457672119 8.31832027435303 9.4604434967041 9.11195755004883 9.34671688079834 4.94974756240845 8.7765474319458 4.63980340957642 8.0897741317749 8 9.08448028564453 9.78519248962402 4.60977220535278
13.504114151001 13.0330772399902 5.33853912353516 6.80277729034424 9.29306793212891 29.579460144043 27.139045715332 6.49572515487671 4 6.26719856262207 5.47215175628662 20.050630569458 34.0946388244629 13.0096120834351 28.6913661956787 20.9609432220459 4.87339735031128 23.8193435668945 22.4969139099121 26.9304656982422 35.385181427002 7.98087978363037 7.01783418655396 18.5270080566406 4.66368961334229 38.065731048584 1.69148194789886 13.3364582061768 17.0350952148438 16.0934772491455 10.236102104187 8.44097137451172 7.8581166267395 8.95823669433594 5.86893892288208 7.25909376144409 7.79066371917725 7.33901309967041 9.78235340118408 9.70108795166016 7.84396457672119 20.4905128479004 10.0498752593994 9.4310359954834 9.64365100860596 10.2442398071289 9.11652946472168 9.02003955841064 9.0661153793335 12.9518337249756 8.93650436401367 9.69536018371582 7.95298671722412
14.0574216842651 14.9080514907837 10.7056579589844 10.3440799713135 10.7238054275513 7.98087978363037 18.961217880249 24.0491390228271 4.67558670043945 3.5158371925354 18.3779754638672 21.6275291442871 32.4118461608887 11.9454784393311 3.89800524711609 39.7768096923828 39.0448455810547 37.756160736084 1.01379370689392 2.97676181793213 3.70060062408447 4.61278438568115 5.22015333175659 14.6496114730835 16.315465927124 6.26498222351074 23.4574089050293 22.7858390808105 24.6023941040039 26.7524662017822 22.5487117767334 6.24722146987915 10.0884971618652 9.54521369934082 9.43986797332764 7.96868848800659 8.81759643554688 8.92250633239746 8.4277982711792 9.93031311035156 11.7473402023315 14.8726072311401 10.0013885498047 8.52610397338867 18.6488018035889 26.1571102142334 10.0429630279541 11.0792598724365 9.87420845031738 12.9978628158569 23.4810791015625 10.1488914489746 8.89912605285645
11.3026542663574 10.0221977233887 10.4043264389038 3.20589733123779 11.4345970153809 10.0719633102417 9.86154174804688 3.84418749809265 9.0615177154541 2.14734983444214 6.4247784614563 6.43126058578491 7.66485500335693 7.64852905273438 5.02770090103149 4.33012723922729 2.71313667297363 5.68868255615234 8.2915620803833 2.94863438606262 7.89690494537354 7.08872365951538 8.13599681854248 8.31330966949463 1.32287561893463 10.0995044708252 11.4285221099854 34.7455024719238 22.7211360931396 3.24465370178223 10.1008796691895 25.9395656585693 33.4477195739746 31.8865184783936 10.767749786377 9.29755020141602 13.1286373138428 9.42219638824463 4.6037425994873 8.26303672790527 7.8581166267395 7.73160886764526 8.3831844329834 7.69379281997681 8.69546508789062 8.48200702667236 10.1625671386719 9.26162910461426 10.9709215164185 20.8253326416016 32.0780296325684 6.50213623046875 26.8560981750488
8.40304183959961 4.34293794631958 4.4721360206604 3.64005494117737 3.20589733123779 2.58736252784729 3.67801284790039 2.82842707633972 3.57460165023804 4.09267616271973 3.60555124282837 6.58491563796997 5.79750919342041 3.27871918678284 3.11359024047852 7.07892036437988 6.4247784614563 6.34428882598877 8.1394100189209 8.3066234588623 6.69161987304688 8.7146110534668 6.07133531570435 10.3212299346924 10.3077640533447 8.36660003662109 16.8819427490234 13.1032228469849 9.94987392425537 7.37299871444702 9.77383136749268 18.1934051513672 27.3957614898682 32.7528610229492 8.92717456817627 10.0429630279541 30.4265956878662 21.6050415039062 29.3815898895264 28.7798156738281 27.807373046875 24.1402149200439 9.84603691101074 8.09492301940918 6.95421552658081 10.5 7.33901309967041 9.60179424285889 10.6653642654419 4.97493696212769 21.9437408447266 27.6982746124268 25.5544090270996
6.78233003616333 3.29561996459961 2.47206616401672 2.5 2.69258236885071 3.50396609306335 4.69337606430054 3.90512490272522 4.18330001831055 4.30439043045044 3.5355339050293 5.16666650772095 5.39547157287598 4.84768009185791 4.37162590026855 4.62180805206299 7.03562355041504 4.68448972702026 6.873863697052 4.84194612503052 3.98260116577148 4.69041585922241 4.74341630935669 6.55955600738525 8.27815055847168 10.236102104187 9.90510559082031 7.82623815536499 5.31507301330566 10.6653642654419 1.26929557323456 18.0215911865234 9.78519248962402 1.69148194789886 10.236102104187 9.9930534362793 9.59311103820801 9.55394077301025 20.3592739105225 10.7212142944336 25.7972869873047 21.2922782897949 9.29755020141602 8.81759643554688 5.26782703399658 8.92717456817627 5.11805105209351 8.46233463287354 9.60468673706055 9.67528343200684 9.18483066558838 11.0566720962524 10.5830049514771
9.85026836395264 3.2702362537384 4.28498649597168 3.45607352256775 3.87298345565796 3.91932535171509 3.12249898910522 3.03223419189453 2.77388620376587 4.44409704208374 7.14142847061157 5.33853912353516 5.10990333557129 3.74165749549866 4.86769390106201 4.92442893981934 4.99444150924683 4.26549482345581 4.69041585922241 5.25462770462036 5.28625059127808 4.78132963180542 6.53409862518311 2.29128789901733 18.4262790679932 3.27871918678284 7.09068250656128 10.3682203292847 4.05517482757568 6.93621730804443 2.64575123786926 1.61589324474335 7.75313568115234 9.84603691101074 7.07303190231323 9.79512310028076 8.71779823303223 9.5844202041626 15.1904573440552 29.3290710449219 21.852409362793 29.6184062957764 15.1575059890747 10.7251005172729 7.93900346755981 5.1017427444458 4.99444150924683 6.99007225036621 8.5 3.46810865402222 21.6455020904541 10.4761638641357 10.8525466918945
2.74367952346802 2.5 2.94863438606262 4.24591302871704 4.21637010574341 4.61278438568115 3.50396609306335 4.12647294998169 3.95108985900879 4.43784236907959 4.05517482757568 4.66666650772095 4.70224523544312 5.10990333557129 4.63980340957642 5.38516473770142 5.19882488250732 4.73755693435669 5.10990333557129 4.85054397583008 5 5.02770090103149 6.5 7.53510284423828 8.52121543884277 8.07946681976318 4.73755693435669 4.26549482345581 6.80277729034424 7.01783418655396 7.47402906417847 7.72621822357178 5.49494695663452 6.67083215713501 6.66041374206543 7.56637287139893 9.34671688079834 3.28295254707336 20.9582920074463 21.615966796875 10.5711870193481 4.85054397583008 10.8063764572144 8.05363941192627 8.17686462402344 6.15313816070557 7.12585258483887 8.68907356262207 11.0905361175537 11.2817449569702 10.5409259796143 9.23910808563232 6.89202451705933
7.17828512191772 11.5265398025513 9.66953945159912 8.40304183959961 4.5276927947998 5.82618618011475 11.2780513763428 9.4310359954834 3.67423462867737 5.24669218063354 5.07718229293823 4.97772836685181 4.55826473236084 4.70224523544312 5.73246097564697 4.4565806388855 5.24404430389404 4.92442893981934 5.54777240753174 5.35671949386597 5.17472505569458 5.89726877212524 5.26255130767822 5.61248588562012 4.69041585922241 4.31405973434448 4.11636304855347 6.27384328842163 6.97216701507568 10.2034854888916 8.44097137451172 7.00198364257812 6.79664945602417 4.5 4.39064645767212 6.59755849838257 8.04328536987305 5.29150247573853 9.87983322143555 1.96497106552124 8.25294589996338 2.96273136138916 8.21583843231201 5.37225389480591 4.49382305145264 9.31098556518555 8.52610397338867 8.60232543945312 8.64259433746338 9.54521369934082 8.68107795715332 6.85160160064697 5.28625059127808
11.3333330154419 12.410792350769 11.0805130004883 6.24722146987915 13.8423662185669 14.4635553359985 4.18661880493164 4.25571489334106 6.40312433242798 4.27200174331665 4.09606838226318 3.8550112247467 5.5 5.10990333557129 4.58257579803467 4.80740165710449 4.30116271972656 4.79583168029785 5.23078489303589 6.26719856262207 6.18016529083252 5.36190271377563 5.13430738449097 4.92724847793579 5.21482944488525 5.02770090103149 5.07718229293823 5.43139028549194 5.5 8.17686462402344 7.28010988235474 5.37225389480591 6.97216701507568 6.9061164855957 4.63680934906006 4.49382305145264 5.83095169067383 6.83739709854126 7.21110248565674 7.75850772857666 5.02493762969971 8.45740985870361 7.65578937530518 4.69041585922241 4.33333349227905 9.32737922668457 4.21307468414307 9.14846706390381 7.31626796722412 5.13430738449097 6.61647796630859 5.45435619354248 5.26255130767822
7.00198364257812 5.38000392913818 5.65685415267944 4.89897966384888 5.49494695663452 5.44160938262939 5.19080400466919 5.06074237823486 4.69041585922241 4.80740165710449 4.96935033798218 5.0497522354126 4.66666650772095 4.48454141616821 4.99444150924683 5.19080400466919 5 5.0990195274353 5.22281312942505 5.24404430389404 6.10327768325806 7.17828512191772 5.04424858093262 5.54025650024414 4.97493696212769 4.13655805587769 5.02770090103149 4.14661836624146 4.7987265586853 4.5 4.52155351638794 5.76146221160889 7.03562355041504 4.66666650772095 4.56739664077759 4.74341630935669 6.39878463745117 6.22718048095703 4.58257579803467 4.53075885772705 4.71699047088623 5.11805105209351 4.62180805206299 4.35252141952515 8 8.10521125793457 8.5 8.2680778503418 6.96419429779053 5.17203998565674 -3.4e+38 -3.4e+38 -3.4e+38
14.6969385147095 14.5773801803589 11.8333330154419 5.1961522102356 5.29412651062012 4.93569755554199 4.89897966384888 4.53075885772705 4.94974756240845 5.07718229293823 4.94974756240845 5.06896877288818 5.03598165512085 5.0497522354126 4.87339735031128 5.00277709960938 4.53075885772705 5.15859603881836 5.28625059127808 5.47722578048706 7.66666650772095 9.98888301849365 5.6789083480835 5.33853912353516 4.87624645233154 5.85234975814819 4.89330625534058 4.56739664077759 4.44409704208374 5.32551527023315 5.30984401702881 5.43394660949707 4.55521678924561 4.36208391189575 4.18330001831055 4.41902446746826 6.1599063873291 6.44204950332642 5.83095169067383 4.33012723922729 4.84768009185791 4.59468269348145 4.69041585922241 4.51232862472534 7.78531360626221 8.64259433746338 7.93725395202637 6.48074054718018 4.39064645767212 -3.4e+38 -3.4e+38 4.58257579803467 5.21482944488525
15.05637550354 13.7578258514404 14.1509714126587 13.7759857177734 14.4481830596924 7.24760484695435 8.83176040649414 4.98609161376953 4.87339735031128 5.25462770462036 5.04424858093262 5.17203998565674 4.99444150924683 5.00277709960938 5.19080400466919 5.57025814056396 4.96095848083496 5.28625059127808 5.32551527023315 6.44420480728149 6.10327768325806 11.1143054962158 9.87983322143555 5.33853912353516 4.97772836685181 5.36449241638184 4.93569755554199 5.33853912353516 5.29150247573853 5.81186532974243 5.32551527023315 4.63680934906006 4.72875356674194 4.58257579803467 5.80947494506836 4.89330625534058 4.52155351638794 6.74124956130981 5.10990333557129 5.96750450134277 5.73246097564697 6.26498222351074 4.44722127914429 7.34468841552734 7.87400770187378 7.31436920166016 7.60664892196655 8.53098964691162 5.25462770462036 -3.4e+38 -3.4e+38 4.84768009185791 6.66041374206543
11.7520685195923 12.0289001464844 11.7980699539185 11.8638105392456 12.9657669067383 15.009256362915 13.516450881958 12.2519836425781 13.0010681152344 7.54615449905396 14.5773801803589 14.289662361145 13.076696395874 12.3794183731079 7.31626796722412 11.4212274551392 4.87339735031128 5.47722578048706 6.42261648178101 5.73972511291504 5.46453189849854 6.14636278152466 -3.4e+38 5.85472249984741 5.10990333557129 -3.4e+38 5 5.45435619354248 5.1961522102356 5.68135356903076 4.28498649597168 4.41588020324707 4.20647668838501 5.63717794418335 6.34428882598877 4.36208391189575 5.00277709960938 4.56739664077759 4.97772836685181 -3.4e+38 -3.4e+38 4.35889911651611 5.9884147644043 7.7046160697937 7.155029296875 6.89202451705933 4.36208391189575 -3.4e+38 4.28498649597168 -3.4e+38 4.89330625534058 5.07718229293823 5.11805105209351
11.914044380188 12.1426706314087 11.8743419647217 12.0519704818726 11.4685564041138 12.0600347518921 11.9663877487183 12.4409713745117 14.4894599914551 14.5602197647095 13.1729946136475 12.0289001464844 12.5044441223145 11.9895792007446 11.7260389328003 12.7355585098267 11.4212274551392 8.04673862457275 11.4673452377319 6.19363451004028 10.1857748031616 11.3075685501099 -3.4e+38 6.83739709854126 5.72276163101196 -3.4e+38 5.89019918441772 5.5 5.40318822860718 5.47722578048706 5.43394660949707 4.71993398666382 5.90432977676392 5.71061372756958 6.64161968231201 5.58519887924194 5.88312101364136 6.72681188583374 -3.4e+38 -3.4e+38 6.2070746421814 5.84047174453735 4.5 4.69041585922241 6.81909084320068 6.39878463745117 5.22015333175659 5.16666650772095 -3.4e+38 -3.4e+38 4.39064645767212 7.43303442001343 8.18535232543945
-3.4e+38 11.3247518539429 11.5758371353149 12.1769361495972 11.7792186737061 11.7792186737061 11.7414274215698 11.8368539810181 12.011568069458 12.3265743255615 12.9335908889771 13.1381549835205 14.2916059494019 13.9293851852417 14.1372241973877 11.7579755783081 11.9350090026855 11.3883466720581 12.640323638916 11.7449750900269 11.9837856292725 12.7180976867676 -3.4e+38 10.7328672409058 -3.4e+38 -3.4e+38 5.54025650024414 5.61496019363403 4.92442893981934 4.63081455230713 6.30696249008179 5.98145294189453 6.33990907669067 -3.4e+38 6.55320119857788 5.67401504516602 6.05759382247925 -3.4e+38 -3.4e+38 -3.4e+38 -3.4e+38 -3.4e+38 5.93950986862183 4.12310552597046 5.24404430389404 5.02770090103149 4.39064645767212 5.36190271377563 5.77590799331665 5.06074237823486 5.09356880187988 7.81024980545044 8.98764610290527
-3.4e+38 -3.4e+38 11.2632637023926 11.5986108779907 11.399317741394 11.1778554916382 11.0792598724365 10.9595212936401 11.821590423584 12.9239225387573 11.6189498901367 12.6095199584961 12.3592071533203 12.3490886688232 12.5709104537964 13.5810327529907 12.5310726165771 -3.4e+38 -3.4e+38 -3.4e+38 -3.4e+38 -3.4e+38 -3.4e+38 10.7328672409058 4.4721360206604 7.52957153320312 5.52519464492798 5.47976064682007 5.38000392913818 4.96095848083496 5.16666650772095 5.27046298980713 6.08276271820068 -3.4e+38 5.76868963241577 4.79003572463989 5.80469179153442 6.80073547363281 -3.4e+38 -3.4e+38 -3.4e+38 -3.4e+38 -3.4e+38 5.14241600036621 4.28498649597168 4.23608827590942 5.15859603881836 4.38748216629028 -3.4e+38 6.61437845230103 5.00277709960938 6.30475997924805 4.28498649597168
