sd_MH.asc
NCOLS 427 
NROWS 362 
XLLCORNER -9.541666667 
YLLCORNER 36 
CELLSIZE 0.0416666666674473 
NODATA_value -3.4e+38 
[rows 176 to 197 of 362, columns 50 to 99 of 427]
-3.4e+38 -3.4e+38 -3.4e+38 -3.4e+38 -3.4e+38 -3.4e+38 -3.4e+38 -3.4e+38 -3.4e+38 -3.4e+38 -3.4e+38 -3.4e+38 -3.4e+38 -3.4e+38 -3.4e+38 -3.4e+38 -3.4e+38 -3.4e+38 -3.4e+38 -3.4e+38 -3.4e+38 -3.4e+38 -3.4e+38 -3.4e+38 -3.4e+38 -3.4e+38 -3.4e+38 -3.4e+38 -3.4e+38 -3.4e+38 -3.4e+38 -3.4e+38 -3.4e+38 -3.4e+38 -3.4e+38 -3.4e+38 -3.4e+38 -3.4e+38 -3.4e+38 -3.4e+38 -3.4e+38 -3.4e+38 -3.4e+38 -3.4e+38 -3.4e+38 -3.4e+38 -3.4e+38 -3.4e+38 -3.4e+38 -3.4e+38
119.613037109375 -3.4e+38 -3.4e+38 -3.4e+38 -3.4e+38 -3.4e+38 -3.4e+38 -3.4e+38 -3.4e+38 -3.4e+38 -3.4e+38 -3.4e+38 -3.4e+38 -3.4e+38 -3.4e+38 -3.4e+38 -3.4e+38 -3.4e+38 -3.4e+38 -3.4e+38 -3.4e+38 -3.4e+38 -3.4e+38 -3.4e+38 -3.4e+38 -3.4e+38 -3.4e+38 -3.4e+38 -3.4e+38 -3.4e+38 -3.4e+38 -3.4e+38 -3.4e+38 -3.4e+38 -3.4e+38 -3.4e+38 -3.4e+38 -3.4e+38 -3.4e+38 -3.4e+38 -3.4e+38 -3.4e+38 -3.4e+38 -3.4e+38 -3.4e+38 -3.4e+38 -3.4e+38 -3.4e+38 -3.4e+38 -3.4e+38
64.8461837768555 76.0659408569336 101.178062438965 -3.4e+38 -3.4e+38 -3.4e+38 -3.4e+38 -3.4e+38 -3.4e+38 -3.4e+38 -3.4e+38 -3.4e+38 -3.4e+38 -3.4e+38 -3.4e+38 -3.4e+38 -3.4e+38 -3.4e+38 -3.4e+38 -3.4e+38 -3.4e+38 -3.4e+38 -3.4e+38 -3.4e+38 -3.4e+38 -3.4e+38 -3.4e+38 -3.4e+38 -3.4e+38 -3.4e+38 -3.4e+38 -3.4e+38 -3.4e+38 -3.4e+38 -3.4e+38 -3.4e+38 -3.4e+38 -3.4e+38 80.7265625 -3.4e+38 -3.4e+38 -3.4e+38 -3.4e+38 -3.4e+38 -3.4e+38 -3.4e+38 -3.4e+38 -3.4e+38 -3.4e+38 -3.4e+38
24.7105464935303 41.0165939331055 91.7407302856445 109.685913085938 -3.4e+38 -3.4e+38 -3.4e+38 -3.4e+38 -3.4e+38 -3.4e+38 -3.4e+38 -3.4e+38 -3.4e+38 -3.4e+38 -3.4e+38 -3.4e+38 -3.4e+38 -3.4e+38 -3.4e+38 -3.4e+38 -3.4e+38 -3.4e+38 -3.4e+38 -3.4e+38 -3.4e+38 -3.4e+38 -3.4e+38 -3.4e+38 -3.4e+38 -3.4e+38 -3.4e+38 -3.4e+38 -3.4e+38 -3.4e+38 -3.4e+38 -3.4e+38 -3.4e+38 79.7449035644531 79.914192199707 80.6535797119141 -3.4e+38 -3.4e+38 -3.4e+38 -3.4e+38 -3.4e+38 -3.4e+38 -3.4e+38 -3.4e+38 -3.4e+38 -3.4e+38
76.1360244750977 101.834968566895 100.097450256348 85.6927642822266 107.490829467773 105.498550415039 107.294120788574 -3.4e+38 -3.4e+38 -3.4e+38 -3.4e+38 -3.4e+38 101.134948730469 95.6039276123047 90.4596252441406 -3.4e+38 86.0824890136719 -3.4e+38 -3.4e+38 81.1887359619141 79.5565872192383 -3.4e+38 -3.4e+38 -3.4e+38 -3.4e+38 -3.4e+38 -3.4e+38 68.0771636962891 64.4666137695312 69.1220703125 67.745849609375 67.1710052490234 -3.4e+38 66.2815933227539 67.022590637207 69.2657928466797 70.7297286987305 72.8207473754883 73.8355941772461 72.3187408447266 74.2940826416016 74.4044876098633 -3.4e+38 -3.4e+38 -3.4e+38 -3.4e+38 -3.4e+38 -3.4e+38 -3.4e+38 -3.4e+38
101.316886901855 102.014839172363 86.3379974365234 74.9149551391602 105.407279968262 71.1244964599609 54.0272560119629 56.8066902160645 81.6135864257812 99.9230270385742 102.929321289062 94.5819778442383 82.0184631347656 83.8003616333008 84.3842086791992 67.8011779785156 69.6989593505859 94.2369918823242 78.541389465332 58.5341796875 51.1634101867676 72.8356246948242 70.4091186523438 56.6700973510742 73.3910751342773 65.5180206298828 41.1231231689453 49.2902412414551 44.2379913330078 55.507007598877 58.3073768615723 57.2089233398438 66.3852386474609 66.1364364624023 60.4152297973633 64.7439422607422 65.4751892089844 66.3890075683594 69.0756454467773 69.4798126220703 69.5035934448242 72.5254745483398 72.3152847290039 71.8348770141602 71.7996826171875 71.6240158081055 71.6980514526367 71.4016418457031 70.7601547241211 69.2238693237305
15.3631954193115 20.7993049621582 100.17456817627 99.2267303466797 84.8608322143555 42.9359970092773 39.9405822753906 54.1682052612305 96.7859878540039 105.143951416016 87.5044479370117 42.4502983093262 34.3648719787598 57.9029350280762 44.4787712097168 26.5602035522461 36.5254859924316 77.5209655761719 58.7979125976562 16.918924331665 43.8976097106934 51.6311721801758 45.9565010070801 56.4490928649902 73.2252960205078 58.4831428527832 33.3308334350586 10.5369720458984 33.3391647338867 50.0810470581055 63.2721214294434 67.8185882568359 69.5305709838867 62.9406700134277 52.4714202880859 53.4901351928711 55.2330932617188 59.8080253601074 63.1862335205078 65.2529296875 66.2635726928711 67.6820602416992 67.6383361816406 68.5634307861328 66.5953750610352 68.1691131591797 66.1609954833984 71.142463684082 68.7473220825195 71.7102584838867
10.3091115951538 17.1245441436768 82.3953857421875 50.3860092163086 80.0746154785156 22.8077716827393 52.2685356140137 85.4216690063477 101.764434814453 54.5407600402832 71.6172332763672 54.7230415344238 27.6289901733398 24.8014335632324 10.8742818832397 14.4549102783203 37.6223945617676 64.4107894897461 28.9309520721436 9.84180450439453 9.68819427490234 19.1427383422852 48.6389770507812 56.5879364013672 29.589319229126 35.5320663452148 44.130802154541 15.1244831085205 27.1477432250977 62.7065467834473 62.659351348877 71.1090698242188 66.1660385131836 69.9257507324219 58.2418327331543 62.5508689880371 64.8459701538086 65.2299346923828 66.1307601928711 67.1176376342773 67.5501861572266 70.0168609619141 68.3959045410156 62.670654296875 56.8641166687012 51.2837982177734 69.5607223510742 72.7203521728516 73.1285018920898 70.4316024780273
10.0263538360596 13.6930637359619 16.3435344696045 23.259407043457 15.4686059951782 14.5 71.835075378418 56.8494606018066 28.2223320007324 20.8673057556152 17.2851886749268 13.3603887557983 7.31436920166016 10.345422744751 17.4642486572266 53.9585762023926 50.1724815368652 43.4482460021973 28.3009624481201 11.1355285644531 21.38405418396 38.8965873718262 43.9889488220215 45.1989440917969 13.5277490615845 6.55955600738525 12.3906326293945 13.2266569137573 47.8150367736816 60.6453704833984 68.3959045410156 73.6596908569336 66.1021957397461 72.8510665893555 71.6864318847656 71.0260162353516 68.8127517700195 62.9075584411621 64.7587432861328 68.4963531494141 68.9917449951172 70.0852661132812 70.6017761230469 70.7530899047852 67.7200088500977 68.0051040649414 65.8327026367188 64.9347991943359 64.7471542358398 64.6595764160156
8.70504283905029 8.99691295623779 9.74679470062256 10.2591419219971 43.3756217956543 41.2007293701172 74.2149658203125 44.0750617980957 31.9026298522949 15.1033477783203 5.93717098236084 4.27200174331665 4.82182550430298 4.55521678924561 25.0155506134033 20.8146591186523 8.03118896484375 10.5 8.93184089660645 8.02253723144531 8.81759643554688 19.9986114501953 28.4473190307617 10.7522611618042 8.01734256744385 7.27629327774048 11.4758195877075 21.5928230285645 45.5003051757812 45.1279029846191 68.0265502929688 59.2307167053223 67.4063110351562 72.9647903442383 71.3319702148438 73.2372512817383 72.0898361206055 70.6519241333008 68.5652542114258 68.5415496826172 68.14404296875 68.3369903564453 71.514762878418 65.9806365966797 57.9916191101074 62.4739952087402 67.2718353271484 69.7378005981445 66.3088302612305 68.1929473876953
8.5293607711792 11.6237306594849 11.4139289855957 14.1372241973877 20.2984676361084 44.124195098877 65.1180572509766 27.1528587341309 6.98212003707886 5.87603425979614 5.53273105621338 5.67401504516602 13.5963640213013 11.1803398132324 45.3425254821777 27.964262008667 5.01109886169434 5.84760141372681 5.29150247573853 6.48930740356445 7.57921123504639 12.8354978561401 22.9510345458984 19.4043235778809 28.9870662689209 24.8081531524658 22.7913246154785 27.0554981231689 11.3517007827759 48.5397872924805 30.3511848449707 39.3605117797852 40.5332527160645 45.2358016967773 49.4708099365234 62.824047088623 69.0561370849609 72.8785171508789 71.7764663696289 71.3670120239258 59.4841232299805 68.2967376708984 67.6646118164062 57.0745124816895 48.1424407958984 44.6648025512695 10.775486946106 19.7533397674561 46.4177894592285 60.5268516540527
20.8992290496826 21.2589855194092 17.8185291290283 16.3095073699951 11.3038835525513 23.9321956634521 20.0006942749023 6.57647323608398 6.06217765808105 5.74456262588501 12.6293306350708 6.71648073196411 10.7289848327637 28.0490646362305 45.3167877197266 40.2895774841309 21.8218803405762 13.7123222351074 8.80971717834473 9.23910808563232 12.8625211715698 12.3299541473389 25.1285591125488 38.7237358093262 26.7649230957031 24.4153861999512 28.2390594482422 18.7216453552246 12.0104122161865 26.8643703460693 12.4643936157227 21.9797878265381 11.48912525177 11.3663730621338 27.9915657043457 31.0241832733154 14.2604742050171 46.3027458190918 56.8098678588867 67.063606262207 59.080451965332 54.7763137817383 53.6889190673828 50.0152740478516 57.7516250610352 52.3473968505859 13.3583097457886 11.6452188491821 28.0004959106445 17.1537170410156
21.3600101470947 19.8899745941162 14.9675579071045 18.788293838501 7.58470678329468 14.2038726806641 20.7190189361572 7.0316743850708 12.5775375366211 7.14337301254272 9.21954441070557 13.6290130615234 27.0467700958252 30.34157371521 34.6450271606445 8.73848438262939 9.39118957519531 10.5921878814697 10.0967540740967 12.2893362045288 23.4846286773682 28.1015033721924 30.6960906982422 29.2052135467529 25.9170684814453 12.8787078857422 21.0085964202881 16.3401355743408 16.9295921325684 20.7732467651367 17.7865428924561 15.9094657897949 16.9836521148682 18.1727809906006 29.9165496826172 16.3944435119629 14.9833240509033 27.9050979614258 24.7442474365234 44.3727912902832 59.7678375244141 18.7001190185547 18.3166599273682 18.2002754211426 19.5064086914062 50.7619705200195 43.2062225341797 29.146183013916 19.6723155975342 19.1056995391846
19.3785400390625 17.8185291290283 16.9295921325684 11.0277423858643 9.41777324676514 13.7335758209229 27.3485736846924 16.5764217376709 10.1488914489746 11.7803983688354 8.39642810821533 18.4511375427246 14.5497236251831 27.0113143920898 49.2234153747559 12.9325170516968 25.5413608551025 9.76103401184082 12.0046291351318 28.3460750579834 25.6358032226562 31.4920616149902 28.9083805084229 31.28098487854 27.3638038635254 18.6010761260986 19.3139266967773 20.3517684936523 31.3851528167725 19.858528137207 17.6902351379395 22.9298439025879 25.9277839660645 26.258861541748 26.0720157623291 25.0621452331543 19.6214160919189 16.4046058654785 24.6125526428223 49.8976745605469 44.8946304321289 24.9454956054688 26.6729164123535 24.1402149200439 24.8484287261963 29.2437076568604 27.8408164978027 25.2674579620361 26.9449024200439 35.2447776794434
17.8535709381104 14.5086183547974 17.2369117736816 9.48390483856201 8.26135540008545 25.4465675354004 19.5959186553955 6.8819408416748 8.05363941192627 9.53939247131348 9.13935279846191 8.3066234588623 8.67467594146729 34.9646644592285 31.5555057525635 29.3172302246094 24.1166152954102 19.7575588226318 18.343936920166 18.7268371582031 27.046257019043 39.4525032043457 33.5910873413086 20.457950592041 22.034065246582 21.9000263214111 21.9829483032227 23.6331920623779 27.2534408569336 24.4102668762207 24.0416297912598 27.2875633239746 32.2727088928223 25.0038890838623 24.7257175445557 29.1895141601562 33.548885345459 24.3162040710449 28.1266975402832 41.8333320617676 32.7138252258301 39.4303169250488 39.2651252746582 33.2645111083984 37.1550788879395 35.0812530517578 27.8767127990723 25.718563079834 26.1794033050537 30.7778778076172
11.4782400131226 9.80787658691406 8.4277982711792 6.54047250747681 6.59755849838257 14.9117774963379 14.4202785491943 7.77460241317749 9.31396770477295 14.6969385147095 27.7103061676025 17.5815563201904 31.0845623016357 71.4424819946289 14.503830909729 16.3639163970947 22.3184032440186 20.9091949462891 22.1102046966553 26.6505165100098 26.5518360137939 24.005786895752 33.9869270324707 28.8183975219727 23.719425201416 22.4245643615723 25.4285488128662 24.9599685668945 28.8877143859863 27.8208560943604 25.9732761383057 26.3058929443359 26.0101470947266 32.0914497375488 26.3444061279297 39.7925186157227 32.8823661804199 34.9718132019043 44.5517807006836 46.048885345459 40.4900550842285 28.6739330291748 33.0378570556641 45.8115081787109 38.7871704101562 44.7272605895996 51.9994659423828 37.7075729370117 22.0082054138184 25.904203414917
7.24568843841553 7.55167388916016 5.91607999801636 6.0369234085083 8.74325180053711 12.0933866500854 8.7717981338501 15.5724115371704 21.9209442138672 32.0849571228027 23.7808284759521 58.869441986084 63.2701454162598 44.6731948852539 65.4293518066406 22.0510768890381 20.6639785766602 23.1036319732666 23.2486553192139 21.6088981628418 31.5189533233643 24.8501052856445 25.2041664123535 27.430721282959 29.0903759002686 24.4750442504883 28.4067668914795 21.598611831665 24.5566234588623 26.7088203430176 19.9687252044678 21.7568626403809 29.068883895874 27.5317993164062 25.4629364013672 37.4692459106445 35.5492630004883 29.1123294830322 60.2930335998535 58.7092666625977 54.5789451599121 36.7525520324707 38.6069946289062 39.5330390930176 37.7756538391113 45.4434928894043 30.6960906982422 38.180492401123 32.4422569274902 43.4165878295898
10.908712387085 16.0060749053955 17.3565540313721 11.3259782791138 9.07071018218994 9.43398094177246 10.1050043106079 22.9080295562744 26.0773429870605 17.881555557251 17.2103004455566 43.174388885498 36.5995597839355 22.2117328643799 72.8207473754883 19.8690147399902 23.031379699707 26.5565433502197 23.2097911834717 23.6420059204102 26.1459579467773 27.5731353759766 34.1678848266602 26.8597183227539 25.643928527832 28.9961681365967 27.4762516021729 32.1251907348633 24.422212600708 24.6936798095703 26.7400035858154 41.2916450500488 42.2673377990723 38.5187530517578 31.0917110443115 38.4321174621582 53.2997283935547 42.2900047302246 53.3575477600098 57.0112075805664 45.6976776123047 53.9096450805664 51.9617919921875 64.3389434814453 54.6590423583984 53.963207244873 55.4333915710449 60.2967185974121 46.2595329284668 60.8194046020508
24.171838760376 23.1138477325439 22.858865737915 16.8060836791992 10.1707639694214 13.1603364944458 18.5569686889648 17.6564426422119 13.7001619338989 27.5655784606934 66.6297836303711 87.3919982910156 49.9374618530273 26.1725044250488 29.7298011779785 43.8662757873535 38.8386993408203 21.5083961486816 26.7348079681396 24.9299011230469 29.067928314209 29.2465572357178 33.863697052002 32.5055541992188 32.8498268127441 28.5306854248047 29.2275562286377 26.7337703704834 36.8480377197266 46.0217323303223 57.296257019043 71.6527099609375 77.5 80.9409942626953 91.558723449707 98.543701171875 98.1453018188477 98.0178527832031 92.0624771118164 111.625244140625 109.30118560791 113.412719726562 118.404083251953 110.826942443848 107.903633117676 103.376472473145 111.588531494141 107.271980285645 109.827133178711 89.9501419067383
28.3019428253174 28.5569610595703 24.9638633728027 13.509256362915 10.9214363098145 13.0745725631714 22.5191268920898 10.6822805404663 33.5786819458008 70.9665451049805 63.9609260559082 49.720329284668 34.8488807678223 22.896505355835 24.7537879943848 25.2982215881348 28.7493953704834 24.9103946685791 28.0846939086914 29.7424125671387 26.1151294708252 26.5377082824707 30.2714576721191 33.0307083129883 25.2559127807617 27.6922569274902 35.1465187072754 54.1797409057617 52.9244728088379 86.0290679931641 100.203544616699 102.227684020996 101.328674316406 105.432968139648 112.172981262207 137.471817016602 122.324821472168 116.634880065918 120.707405090332 115.118179321289 148.486618041992 131.981475830078 140.991226196289 141.241821289062 124.410720825195 139.537734985352 118.972686767578 120.162506103516 97.6754837036133 128.891204833984
35.1548156738281 28.0535202026367 20.9311046600342 15.7003183364868 28.5744647979736 21.3040161132812 19.3261489868164 13.802173614502 55.9868545532227 76.599609375 49.6990928649902 45.9767456054688 24.9938888549805 24.402868270874 28.1158313751221 32.016056060791 34.3842658996582 32.9962120056152 29.566780090332 30.9879016876221 30.248966217041 34.2713851928711 39.9638710021973 60.8908386230469 66.8243942260742 99.1564407348633 93.3742446899414 89.8749160766602 92.6999359130859 97.9400329589844 97.5368881225586 102.72265625 105.09757232666 107.291656494141 108.906433105469 131.392654418945 158.143218994141 156.353759765625 154.960479736328 126.08903503418 130.561401367188 128.757949829102 148.70085144043 154.453063964844 126.729042053223 151.239044189453 154.969177246094 140.462127685547 135.429351806641 156.128509521484
34.6858901977539 39.076847076416 43.0464859008789 32.6857948303223 27.4550132751465 14.7092189788818 10.6432037353516 42.5940132141113 71.3917236328125 65.3090972900391 30.7385940551758 23.9553985595703 18.6867446899414 26.2202205657959 33.1926193237305 33.475528717041 28.0891437530518 27.2167224884033 29.6099643707275 35.4204902648926 71.0647201538086 87.8726959228516 93.8462066650391 106.461387634277 139.626388549805 89.0090484619141 90.0908508300781 93.9487152099609 91.7700958251953 103.473960876465 121.404396057129 129.812469482422 125.500442504883 118.065780639648 131.55712890625 123.91731262207 132.469604492188 165.484893798828 151.297805786133 131.551422119141 126.290451049805 152.696136474609 160.796798706055 162.217269897461 151.946624755859 151.689651489258 166.077880859375 162.013885498047 164.077728271484 172.910949707031
