sd_MH.asc
NCOLS 427 
NROWS 362 
XLLCORNER -9.541666667 
YLLCORNER 36 
CELLSIZE 0.0416666666674473 
NODATA_value -3.4e+38 
[rows 240 to 263 of 362, columns 0 to 52 of 427]
-3.4e+38 -3.4e+38 -3.4e+38 -3.4e+38 -3.4e+38 -3.4e+38 -3.4e+38 -3.4e+38 -3.4e+38 -3.4e+38 -3.4e+38 -3.4e+38 -3.4e+38 -3.4e+38 -3.4e+38 -3.4e+38 -3.4e+38 -3.4e+38 -3.4e+38 -3.4e+38 -3.4e+38 16.5302753448486 15.5322246551514 23.1846446990967 16.23610496521 17.0399856567383 18.5322532653809 18.5097579956055 20.0464744567871 17.6548709869385 19.3031368255615 15.982629776001 13.4732246398926 11.9687089920044 14.6154413223267 11.2780513763428 14.2633953094482 15.5402698516846 20.2051982879639 17.3637561798096 17.3060684204102 14.6695070266724 12.1655254364014 13.7850561141968 15.3088569641113 15.4677085876465 13.7790098190308 16.1632289886475 13.1339254379272 13.6239166259766 13.856406211853 12.4476680755615 12.0634899139404
-3.4e+38 -3.4e+38 -3.4e+38 -3.4e+38 -3.4e+38 -3.4e+38 -3.4e+38 -3.4e+38 -3.4e+38 -3.4e+38 -3.4e+38 -3.4e+38 -3.4e+38 -3.4e+38 -3.4e+38 -3.4e+38 -3.4e+38 -3.4e+38 -3.4e+38 -3.4e+38 -3.4e+38 14.6496114730835 15.8517436981201 14.9173650741577 20.2367935180664 18.2010383605957 18.5943546295166 20.9761772155762 19.3806896209717 16.6566638946533 15.6160526275635 14.4318323135376 14.2429323196411 17.8675689697266 20.5669631958008 17.6808128356934 18.659969329834 20.742467880249 21.3775577545166 21.1114768981934 17.6902351379395 16.7663688659668 12.9421787261963 15.2233371734619 15.4677085876465 15.4677085876465 12.4744186401367 13.9014387130737 13.2612638473511 13.1286373138428 15.9304046630859 13.7658996582031 13.4329614639282
-3.4e+38 -3.4e+38 -3.4e+38 -3.4e+38 -3.4e+38 -3.4e+38 -3.4e+38 -3.4e+38 -3.4e+38 -3.4e+38 -3.4e+38 -3.4e+38 -3.4e+38 -3.4e+38 -3.4e+38 -3.4e+38 -3.4e+38 -3.4e+38 -3.4e+38 -3.4e+38 -3.4e+38 14.3042335510254 16.2591857910156 16.2975807189941 16.9115352630615 20.3681392669678 20.2361068725586 18.1941680908203 18.2033271789551 17.3205089569092 14.5009574890137 12.7420997619629 14.4980840682983 13.946325302124 18.7949466705322 21.0356845855713 21.2452602386475 20.887264251709 21.4883689880371 20.560884475708 21.6551246643066 20.9390659332275 15.5402698516846 15.9147033691406 16.7340297698975 14.8492422103882 13.0426654815674 13.7305421829224 13.7153606414795 13.6819019317627 13.9592657089233 15.2816152572632 14.5811901092529
-3.4e+38 -3.4e+38 -3.4e+38 -3.4e+38 -3.4e+38 -3.4e+38 -3.4e+38 -3.4e+38 -3.4e+38 -3.4e+38 -3.4e+38 -3.4e+38 -3.4e+38 -3.4e+38 -3.4e+38 -3.4e+38 -3.4e+38 -3.4e+38 -3.4e+38 -3.4e+38 -3.4e+38 14.2575511932373 15.2132978439331 15.009256362915 21.0858039855957 21.2896690368652 20.0561714172363 20.3660945892334 17.5997161865234 15.0665187835693 14.6410760879517 14.5983257293701 13.3322916030884 10.8678932189941 11.4564390182495 12.9400329589844 15.8438558578491 16.3630676269531 17.1787986755371 17.1083145141602 17.0008163452148 17.5602130889893 16.1872730255127 17.4284248352051 18.3779754638672 16.0995178222656 14.8249044418335 13.1244049072266 12.5077753067017 12.7573509216309 13.34166431427 14.4029321670532 14.5869045257568
-3.4e+38 -3.4e+38 -3.4e+38 -3.4e+38 -3.4e+38 -3.4e+38 -3.4e+38 -3.4e+38 -3.4e+38 -3.4e+38 -3.4e+38 -3.4e+38 -3.4e+38 -3.4e+38 -3.4e+38 -3.4e+38 -3.4e+38 -3.4e+38 -3.4e+38 -3.4e+38 -3.4e+38 13.8694305419922 15.4389476776123 14.7629413604736 17.9172477722168 18.6614570617676 19.3505668640137 18.7283210754395 17.2248210906982 13.8574085235596 17.6643085479736 17.979154586792 11.348030090332 15.2105588912964 12.7060794830322 14.6666669845581 13.8293170928955 14.1754875183105 14.8155326843262 14.9731245040894 14.8698053359985 15.4200448989868 14.7063856124878 15.033296585083 15.0757350921631 14.714882850647 14.5840473175049 13.5554418563843 13.3551902770996 14.5602197647095 14.3158807754517 14.5811901092529 13.5871667861938
-3.4e+38 -3.4e+38 -3.4e+38 -3.4e+38 -3.4e+38 -3.4e+38 -3.4e+38 -3.4e+38 -3.4e+38 -3.4e+38 -3.4e+38 -3.4e+38 -3.4e+38 -3.4e+38 -3.4e+38 -3.4e+38 -3.4e+38 -3.4e+38 -3.4e+38 -3.4e+38 16.3477821350098 14.4827480316162 17.1933441162109 14.5668954849243 17.692590713501 19.9025402069092 17.4148731231689 18.5120086669922 15.7171173095703 18.2467651367188 21 21.1666660308838 18.5270080566406 15.9530563354492 18.5928592681885 14.0870313644409 12.457706451416 15.0812616348267 14.3739738464355 15.1162166595459 14.7967710494995 15.64537525177 14.5583114624023 14.6893768310547 14.9536323547363 14.9703407287598 14.9452705383301 14.9480581283569 13.7941207885742 13.9910688400269 13.9642400741577 14.8492422103882 13.5349340438843
-3.4e+38 -3.4e+38 -3.4e+38 -3.4e+38 -3.4e+38 -3.4e+38 -3.4e+38 -3.4e+38 -3.4e+38 -3.4e+38 -3.4e+38 -3.4e+38 -3.4e+38 -3.4e+38 -3.4e+38 -3.4e+38 -3.4e+38 -3.4e+38 -3.4e+38 -3.4e+38 16.0390148162842 17.2586536407471 15.2023391723633 15.3948040008545 14.7092189788818 19.2028636932373 18.788293838501 16.2480773925781 17.6501502990723 16.2232685089111 11.4612874984741 15.2315464019775 18.1735458374023 18.4051628112793 14.2916059494019 12.5044441223145 12.5709104537964 14.0544576644897 12.3468399047852 13.076696395874 16.2258358001709 15.4443445205688 14.5726146697998 14.9675579071045 13.9234018325806 13.5963640213013 14.4827480316162 13.7971410751343 14.8239669799805 13.4453630447388 12.7475490570068 14.1686277389526 13.720422744751
-3.4e+38 -3.4e+38 -3.4e+38 -3.4e+38 -3.4e+38 -3.4e+38 -3.4e+38 -3.4e+38 -3.4e+38 -3.4e+38 -3.4e+38 -3.4e+38 -3.4e+38 -3.4e+38 -3.4e+38 -3.4e+38 -3.4e+38 -3.4e+38 -3.4e+38 -3.4e+38 16.4856834411621 17.3421459197998 14.3614063262939 14.0099172592163 14.6268396377563 19.4515075683594 19.8116130828857 16.1245155334473 14.7798662185669 10.2591419219971 14.4462604522705 13.0904970169067 12.1860580444336 12.0807466506958 11.0164022445679 11.9489660263062 11.8086595535278 12.3973560333252 12.9228477478027 13.3051786422729 14.2692365646362 13.2957801818848 14.186261177063 14.0336894989014 14.045560836792 13.157169342041 13.5185060501099 12.8743934631348 13.5646600723267 13.9712009429932 14.6154413223267 14.0188369750977 13.9443340301514
-3.4e+38 -3.4e+38 -3.4e+38 -3.4e+38 -3.4e+38 -3.4e+38 -3.4e+38 -3.4e+38 -3.4e+38 -3.4e+38 -3.4e+38 -3.4e+38 -3.4e+38 -3.4e+38 -3.4e+38 -3.4e+38 -3.4e+38 -3.4e+38 -3.4e+38 -3.4e+38 17.7161254882812 17.4068946838379 18.5277576446533 16.1743965148926 13.6747941970825 18.7157096862793 18.7912502288818 18.5300064086914 17.8169708251953 16.0060749053955 13.1381549835205 12.8549604415894 11.136775970459 10.6978712081909 11.7733221054077 11.7768602371216 12.3535871505737 13.3364582061768 13.3333330154419 13.8574085235596 14.2779941558838 14.2165784835815 14.2214622497559 13.6422548294067 12.7191896438599 11.3798065185547 10.4615697860718 10.6653642654419 11.4066257476807 11.9163751602173 10.2645559310913 14.1342763900757 10.8525466918945
-3.4e+38 -3.4e+38 -3.4e+38 -3.4e+38 -3.4e+38 -3.4e+38 -3.4e+38 -3.4e+38 -3.4e+38 -3.4e+38 -3.4e+38 -3.4e+38 -3.4e+38 -3.4e+38 -3.4e+38 -3.4e+38 -3.4e+38 -3.4e+38 -3.4e+38 17.55784034729 17.4602718353271 16.892635345459 18.6488018035889 16.6883201599121 14.0425939559937 20.3162498474121 18.6480560302734 20.3776836395264 15.0397624969482 12.859281539917 12.3939952850342 11.6404466629028 12.7159128189087 14.7488231658936 14.8698053359985 12.4197425842285 12.9034881591797 13.1244049072266 13.8393564224243 13.6300325393677 14.0267601013184 12.7279224395752 12.0634899139404 11.3357839584351 11.5 10.8857707977295 9.92611598968506 10.1666669845581 10.7561349868774 11.1778554916382 8.62328910827637 8.67467594146729 8.23103904724121
-3.4e+38 -3.4e+38 -3.4e+38 -3.4e+38 -3.4e+38 -3.4e+38 -3.4e+38 -3.4e+38 -3.4e+38 -3.4e+38 -3.4e+38 -3.4e+38 -3.4e+38 -3.4e+38 -3.4e+38 -3.4e+38 -3.4e+38 -3.4e+38 -3.4e+38 16.0684299468994 15.9721984863281 16.3554267883301 15.8254365921021 14.3391456604004 17.3060684204102 17.3285255432129 17.8029327392578 19.5639972686768 15.6373844146729 12.4899959564209 10.7600078582764 11.842719078064 14.6296882629395 16.0312194824219 15.4308490753174 12.7453699111938 12.7671451568604 12.159815788269 12.9946565628052 12.8160057067871 12.2315616607666 11.3846874237061 11.1927556991577 10.8640594482422 10.8832187652588 10.6236114501953 11.5734367370605 11.4503755569458 10.055401802063 8.17006778717041 8.9162769317627 8.24621105194092 8.22766304016113
-3.4e+38 -3.4e+38 -3.4e+38 -3.4e+38 -3.4e+38 -3.4e+38 -3.4e+38 -3.4e+38 -3.4e+38 -3.4e+38 -3.4e+38 -3.4e+38 -3.4e+38 -3.4e+38 -3.4e+38 -3.4e+38 -3.4e+38 -3.4e+38 -3.4e+38 16.0424785614014 15.8508672714233 18.0885162353516 17.8885440826416 16.2206993103027 12.3468399047852 17.4140739440918 19.6008777618408 20.6458225250244 19.2678489685059 15.0665187835693 12.8851766586304 14.9647731781006 14.8744745254517 15.1995983123779 13.2957801818848 12.594090461731 12.0703954696655 11.7898263931274 12.0531234741211 11.5734367370605 11.483078956604 11.5554218292236 11.7260389328003 11.6189498901367 11.1964778900146 11.6416397094727 9.61769199371338 8.99691295623779 9.10738372802734 8.39642810821533 8.76229286193848 10.2401714324951 9.08448028564453
-3.4e+38 -3.4e+38 -3.4e+38 -3.4e+38 -3.4e+38 -3.4e+38 -3.4e+38 -3.4e+38 -3.4e+38 -3.4e+38 -3.4e+38 -3.4e+38 -3.4e+38 -3.4e+38 -3.4e+38 -3.4e+38 -3.4e+38 -3.4e+38 13.4794082641602 18.0470066070557 14.5353975296021 13.9114265441895 14.7544717788696 15.8412265777588 12.7060794830322 16.3256778717041 18.0954265594482 20.5534534454346 21.1187114715576 14.5124464035034 11.7153749465942 15.3875856399536 16.0623779296875 13.2947359085083 11.3798065185547 12.3231945037842 11.6523723602295 11.0880317687988 12.6139249801636 11.4649219512939 11.2472219467163 11.5445995330811 11.1579570770264 10.5092554092407 10.3413944244385 8.68587589263916 9.7225399017334 8.90224647521973 7.41807079315186 9.2526273727417 12.4309206008911 15.6347188949585 13.9263935089111
-3.4e+38 -3.4e+38 -3.4e+38 -3.4e+38 -3.4e+38 -3.4e+38 -3.4e+38 -3.4e+38 -3.4e+38 -3.4e+38 -3.4e+38 -3.4e+38 -3.4e+38 -3.4e+38 -3.4e+38 -3.4e+38 -3.4e+38 -3.4e+38 12.2281551361084 14.9061880111694 13.4174432754517 13.774977684021 16.0710220336914 13.0586280822754 12.845232963562 12.3231945037842 17.044059753418 20.0693244934082 18.3234825134277 12.3502140045166 12.3028907775879 14.6382303237915 12.9978628158569 12.2451801300049 11.7898263931274 11.7697820663452 12.4510154724121 12.2961149215698 12.0011577606201 11.2694272994995 11.0805130004883 11.0050497055054 11.3590393066406 10.0388135910034 9.74821949005127 9.34077072143555 7.87047910690308 10.22252368927 11.0126190185547 14.6714010238647 16.9263114929199 15.7797336578369 13.4639434814453
-3.4e+38 -3.4e+38 -3.4e+38 -3.4e+38 -3.4e+38 -3.4e+38 -3.4e+38 -3.4e+38 -3.4e+38 -3.4e+38 -3.4e+38 -3.4e+38 -3.4e+38 -3.4e+38 -3.4e+38 -3.4e+38 -3.4e+38 -3.4e+38 13.7729606628418 12.8743934631348 13.8694305419922 16.0779342651367 12.778018951416 9.52627944946289 16.2847919464111 15.3929996490479 18.1276340484619 20.9821357727051 15.2233371734619 14.397144317627 11.9163751602173 11.1703977584839 11.1442565917969 13.3041343688965 11.2224969863892 12.2167921066284 11.7378778457642 11.9698696136475 11.1803398132324 10.9519147872925 10.7056579589844 11.1218004226685 9.85872459411621 9.30203056335449 7.74237966537476 8.82389450073242 12.4498996734619 16.8077354431152 16.6691665649414 16.2514953613281 15.3541526794434 14.8080310821533 14.7817459106445
-3.4e+38 -3.4e+38 -3.4e+38 -3.4e+38 -3.4e+38 -3.4e+38 -3.4e+38 -3.4e+38 -3.4e+38 -3.4e+38 -3.4e+38 -3.4e+38 -3.4e+38 -3.4e+38 -3.4e+38 -3.4e+38 -3.4e+38 -3.4e+38 13.1318101882935 12.5896787643433 13.1729946136475 13.1000423431396 11.9768295288086 15.4793767929077 11.3259782791138 17.5055541992188 16.7390098571777 20.25119972229 16.6090679168701 14.9749794006348 16.7290496826172 15.7559509277344 12.3085336685181 11.7260389328003 11.8848638534546 12.3028907775879 11.677375793457 11.3222990036011 10.6705722808838 10.9519147872925 10.9519147872925 10.076099395752 8.98764610290527 9.31098556518555 8.501633644104 14.8912725448608 16.1486148834229 17.8745632171631 16.5302753448486 14.7262048721313 15.508957862854 11.7414274215698 12.4096736907959
-3.4e+38 -3.4e+38 -3.4e+38 -3.4e+38 -3.4e+38 -3.4e+38 -3.4e+38 -3.4e+38 -3.4e+38 -3.4e+38 -3.4e+38 -3.4e+38 -3.4e+38 -3.4e+38 -3.4e+38 -3.4e+38 -3.4e+38 13.5462169647217 12.4699640274048 13.494854927063 11.7260389328003 11.2001981735229 11.0792598724365 11.8298120498657 13.2549781799316 15.1904573440552 19.7026500701904 19.7040596008301 15.9591493606567 14.3352708816528 16.0710220336914 16.8819427490234 13.6564998626709 11.2805137634277 12 11.4939594268799 11.6559476852417 11.9000463485718 11.2805137634277 11.0453605651855 10.7004671096802 9.18483066558838 9.16515159606934 8.8427619934082 12.7475490570068 17.4602718353271 21.667947769165 17.0293865203857 14.1989831924438 10.7354555130005 9.08295059204102 8.70504283905029 8.24621105194092
-3.4e+38 -3.4e+38 -3.4e+38 -3.4e+38 -3.4e+38 -3.4e+38 -3.4e+38 -3.4e+38 -3.4e+38 -3.4e+38 -3.4e+38 -3.4e+38 -3.4e+38 -3.4e+38 -3.4e+38 -3.4e+38 -3.4e+38 12.2417774200439 13.2045869827271 12.8743934631348 9.36897945404053 10.7935161590576 10.5803804397583 9.86154174804688 11.6559476852417 17.3261203765869 18.0831413269043 20.7832736968994 13.0042724609375 16.0060749053955 16.1408729553223 16.2403812408447 16.5965194702148 12.2451801300049 12.1255006790161 11.7272233963013 11.2743558883667 11.1579570770264 10.9443035125732 10.3077640533447 9.34077072143555 9.36897945404053 8.9162769317627 12.5973987579346 16.5 99.3291397094727 119.799598693848 18.5135078430176 16.8333339691162 11.3883466720581 10.8832187652588 7.79422855377197 7.77996015548706
-3.4e+38 -3.4e+38 -3.4e+38 -3.4e+38 -3.4e+38 -3.4e+38 -3.4e+38 -3.4e+38 -3.4e+38 -3.4e+38 -3.4e+38 -3.4e+38 -3.4e+38 -3.4e+38 -3.4e+38 -3.4e+38 -3.4e+38 10.8448657989502 11.0905361175537 9.52627944946289 9.24812316894531 10.4615697860718 11.1467485427856 11.5301532745361 11.7579755783081 14.0218086242676 15.8823804855347 20.3210353851318 18.3809986114502 14.2136478424072 17.2417449951172 15.6480388641357 14.1224803924561 11.5445995330811 11.9768295288086 11.4017543792725 10.908712387085 10.6118383407593 10.7948036193848 10.0512571334839 9.99722194671631 7.90569400787354 9.32886791229248 11.5986108779907 13.8122329711914 21.5696544647217 97.9227294921875 32.1597557067871 16.9664707183838 9.84885787963867 8.05881118774414 7.22841596603394 7.39932441711426
-3.4e+38 -3.4e+38 -3.4e+38 -3.4e+38 -3.4e+38 -3.4e+38 -3.4e+38 -3.4e+38 -3.4e+38 -3.4e+38 -3.4e+38 -3.4e+38 -3.4e+38 -3.4e+38 -3.4e+38 -3.4e+38 9.82344150543213 10.3936414718628 10.6627597808838 9.21653079986572 8.47217655181885 10.9974746704102 11.4673452377319 10.7561349868774 10.5251026153564 11.7662420272827 11.8121881484985 20.3804092407227 12.2145175933838 15.522385597229 17.076623916626 15.4434452056885 15.0702056884766 11.7803983688354 11.8860330581665 11.6452188491821 11.5445995330811 11.3737030029297 10.8972473144531 9.33779621124268 10.0995044708252 12.3299541473389 9.32737922668457 9.40449047088623 13.3925771713257 14.0722341537476 13.9263935089111 13.6514139175415 11.4467363357544 7.87400770187378 7.42929649353027 7.42368602752686 7.43490266799927
-3.4e+38 -3.4e+38 -3.4e+38 -3.4e+38 -3.4e+38 -3.4e+38 -3.4e+38 -3.4e+38 -3.4e+38 -3.4e+38 -3.4e+38 -3.4e+38 -3.4e+38 -3.4e+38 -3.4e+38 -3.4e+38 11.3137083053589 9.01541900634766 8.88819408416748 7.90569400787354 9.13783359527588 7.42929649353027 7.14337301254272 9.29755020141602 8.9162769317627 10.3292999267578 11.8016004562378 19.543399810791 15.2461290359497 15.2050800323486 15.9687194824219 11.1218004226685 11.4285221099854 11.0541591644287 11.0805130004883 11.1255464553833 11.5325622558594 10.21164894104 9.48683261871338 13.1349830627441 14.1283798217773 13.9622507095337 13.2382020950317 13.1127586364746 9.35562801361084 8.04673862457275 7.91798257827759 8.27647304534912 7.76208734512329 7.36734533309937 7.75313568115234 8.32165813446045 7.51849555969238
-3.4e+38 -3.4e+38 -3.4e+38 -3.4e+38 -3.4e+38 -3.4e+38 -3.4e+38 -3.4e+38 -3.4e+38 -3.4e+38 -3.4e+38 -3.4e+38 -3.4e+38 -3.4e+38 -3.4e+38 16.0580539703369 13.4763164520264 9.04310703277588 10.1091270446777 10.7445077896118 8.64580821990967 7.8810601234436 7.53510284423828 8.6570463180542 11.3149356842041 17.7278804779053 18.2140064239502 17.5340938568115 17.6595897674561 16.6508255004883 15.8666315078735 12.7671451568604 11.5120706558228 10.9290637969971 11.0992994308472 10.3091115951538 10.8563861846924 10.9544515609741 11.4017543792725 14.3090877532959 13.6106576919556 12.778018951416 12.0807466506958 8.51632404327393 7.31626796722412 7.11414861679077 7.22841596603394 7.0198130607605 6.92419290542603 7.09655618667603 7.12390327453613 7.40120124816895 6.57858467102051
-3.4e+38 -3.4e+38 -3.4e+38 -3.4e+38 -3.4e+38 -3.4e+38 -3.4e+38 -3.4e+38 -3.4e+38 -3.4e+38 -3.4e+38 -3.4e+38 -3.4e+38 -3.4e+38 -3.4e+38 -3.4e+38 9.92191696166992 8.75277709960938 7.95996952056885 7.16666650772095 7.16666650772095 9.27511596679688 8.31330966949463 10.4894123077393 11.3112525939941 11.9070472717285 19.7167434692383 19.5774822235107 16.2480773925781 16.1477546691895 15.141921043396 13.9323759078979 11.5866298675537 9.63068008422852 10.2834815979004 10.0719633102417 9.89668846130371 9.97496891021729 8.46233463287354 14.2828569412231 13.7214345932007 13.0106792449951 12.9711217880249 6.91013765335083 7.87400770187378 7.90217971801758 7.5018515586853 8.12574768066406 7.32196092605591 7.13169765472412 7.18408727645874 7.44983243942261 7.27056455612183
-3.4e+38 -3.4e+38 -3.4e+38 -3.4e+38 -3.4e+38 -3.4e+38 -3.4e+38 -3.4e+38 -3.4e+38 -3.4e+38 -3.4e+38 -3.4e+38 -3.4e+38 -3.4e+38 -3.4e+38 -3.4e+38 8.96443557739258 11.9035472869873 7.48331499099731 9.41777324676514 13.2863759994507 9.69536018371582 10.6157636642456 11.5217189788818 11.4212274551392 17.676097869873 19.8186225891113 16.6591644287109 15.4820680618286 15.6160526275635 14.0870313644409 9.38083171844482 13.5226144790649 12.7714958190918 10.6471176147461 11.9175405502319 13.2329559326172 12.594090461731 11.9058809280396 11.2410459518433 9.79795932769775 7.26483154296875 6.79664945602417 7.60664892196655 7.89162683486938 8.72894287109375 6.41179466247559 7.30486917495728 10.8946981430054 8.47217655181885 7.47960186004639 7.17635011672974 6.09188890457153
