sd_MH.asc
NCOLS 427 
NROWS 362 
XLLCORNER -9.541666667 
YLLCORNER 36 
CELLSIZE 0.0416666666674473 
NODATA_value -3.4e+38 
[rows 44 to 65 of 362, columns 300 to 349 of 427]
256.392486572266 256.550201416016 256.388854980469 204.900451660156 211.175933837891 208.430313110352 209.488128662109 210.492874145508 214.292694091797 212.621017456055 210.415130615234 210.073791503906 206.365036010742 203.932861328125 207.174911499023 204.030502319336 198.599960327148 200.713729858398 194.458221435547 187.299224853516 176.039138793945 173.631637573242 161.630844116211 148.782379150391 135.148483276367 112.549003601074 108.246757507324 109.174171447754 107.878921508789 107.728569030762 106.498565673828 109.090682983398 112.919708251953 110.362411499023 108.361663818359 109.445190429688 111.075424194336 110.914131164551 193.396682739258 193.574783325195 192.705596923828 214.023239135742 192.46240234375 192.175704956055 189.683578491211 205.791015625 203.318710327148 197.878402709961 188.572937011719 187.547988891602
198.079528808594 198.587158203125 206.383804321289 206.719009399414 203.193878173828 205.405563354492 203.679351806641 201.082763671875 202.898986816406 201.929306030273 201.742416381836 202.223754882812 206.161346435547 202.424743652344 200.918518066406 201.548248291016 200.216415405273 198.308471679688 194.060409545898 192.891662597656 179.550216674805 170.193603515625 160.616775512695 156.244552612305 141.059387207031 122.744766235352 110.116981506348 107.968742370605 108.336280822754 107.648864746094 107.654541015625 106.378776550293 107.814399719238 107.769561767578 107.404739379883 107.642280578613 110.377510070801 110.889709472656 111.182281494141 194.476501464844 194.641403198242 194.704971313477 192.05012512207 193.468841552734 189.112030029297 185.792221069336 204.128295898438 200.504364013672 191.087524414062 189.589538574219
203.875442504883 197.087188720703 199.762847900391 200.675109863281 205.918746948242 206.642074584961 208.371063232422 209.754623413086 210.814498901367 211.743423461914 206.357162475586 207.08479309082 209.117858886719 205.881500244141 206.260620117188 205.102081298828 200.319808959961 193.235458374023 195.602981567383 193.515579223633 187.41471862793 180.34765625 168.930297851562 161.473510742188 158.067230224609 151.786117553711 145.986968994141 139.614654541016 143.342636108398 112.825576782227 107.793785095215 106.458915710449 107.418312072754 107.014533996582 106.750617980957 107.971961975098 108.378967285156 110.068664550781 111.438323974609 111.001129150391 110.241149902344 109.664260864258 193.328094482422 104.569351196289 104.495346069336 99.0467071533203 185.60090637207 201.693450927734 179.441345214844 183.617889404297
200.194763183594 200.990325927734 192.991653442383 199.074737548828 200.538711547852 200.878143310547 202.252792358398 202.079467773438 202.648712158203 208.986709594727 207.516265869141 208.271926879883 207.002883911133 206.154067993164 205.693344116211 203.096099853516 195.664749145508 187.012100219727 187.043960571289 183.037567138672 185.611450195312 179.719528198242 170.023849487305 170.950607299805 171.452209472656 149.646896362305 140.542694091797 130.819000244141 139.367324829102 121.531318664551 108.420989990234 106.922996520996 105.311973571777 106.461784362793 106.436729431152 107.58846282959 108.639312744141 109.600410461426 109.596733093262 109.880615234375 110.197547912598 109.525619506836 106.984161376953 104.91081237793 102.275909423828 99.8471069335938 101.121765136719 182.096130371094 180.169357299805 176.225784301758
198.470397949219 198.603744506836 192.173385620117 202.10090637207 204.823089599609 205.677810668945 206.458694458008 207.722030639648 207.849700927734 207.924728393555 205.390548706055 205.44612121582 196.163909912109 193.013671875 200.416305541992 195.516693115234 196.861068725586 197.79963684082 187.403167724609 186.561950683594 182.528762817383 174.709838867188 156.022262573242 140.70280456543 141.299728393555 142.507995605469 134.434005737305 126.944320678711 116.861862182617 119.902503967285 109.612953186035 107.836807250977 106.366111755371 107.078239440918 106.481216430664 106.323143005371 107.417930603027 106.288650512695 107.863342285156 109.453315734863 109.913604736328 109.35619354248 104.825782775879 101.233367919922 100.171241760254 97.4730758666992 97.6524429321289 97.5595245361328 101.236656188965 177.087554931641
188.573440551758 188.680358886719 194.235687255859 202.232406616211 205.448760986328 200.819854736328 205.680572509766 207.555282592773 206.27294921875 201.478912353516 188.114624023438 202.939712524414 204.074401855469 201.489456176758 200.367858886719 201.012298583984 199.712783813477 196.649078369141 193.471435546875 187.557998657227 178.714859008789 177.466506958008 168.906616210938 153.22705078125 143.163360595703 137.429779052734 133.557098388672 129.357177734375 119.831245422363 114.835876464844 107.401245117188 106.458648681641 107.134002685547 106.022537231445 106.828132629395 106.326675415039 107.073699951172 106.724075317383 108.463256835938 108.886154174805 110.032699584961 109.565048217773 107.026863098145 101.208938598633 100.51741027832 97.4435729980469 97.5155258178711 97.6239929199219 97.7138671875 97.190673828125
187.398635864258 185.931732177734 189.350204467773 194.691497802734 198.823272705078 189.190017700195 193.958190917969 191.382537841797 196.750122070312 196.569610595703 201.769119262695 203.902618408203 204.036422729492 202.489364624023 199.490249633789 197.823013305664 198.621780395508 195.159408569336 194.018325805664 191.017669677734 180.902221679688 175.065063476562 170.95133972168 156.297790527344 156.664276123047 144.04118347168 139.092590332031 131.212615966797 120.699005126953 108.024047851562 108.60018157959 106.496215820312 105.072326660156 106.569358825684 105.832412719727 105.428230285645 105.484725952148 105.394500732422 103.859283447266 103.20906829834 109.182189941406 106.75959777832 104.723976135254 101.136047363281 98.3926391601562 97.5761795043945 97.4283218383789 97.7084655761719 97.6815948486328 97.7893142700195
190.807495117188 193.525482177734 188.886215209961 190.668853759766 190.30436706543 199.761795043945 202.637878417969 200.030059814453 202.501846313477 203.343368530273 201.732772827148 201.223754882812 199.79475402832 198.874404907227 200.109970092773 197.15348815918 195.792266845703 193.934982299805 189.261352539062 181.702896118164 180.655746459961 172.608016967773 168.613464355469 157.772079467773 153.284133911133 146.610977172852 139.610275268555 137.815200805664 124.074684143066 115.246475219727 108.725700378418 108.126083374023 107.51097869873 105.060699462891 104.553550720215 104.598571777344 105.790412902832 105.253395080566 102.77889251709 103.63370513916 104.544250488281 103.829719543457 104.591796875 100.424652099609 98.2129211425781 98.0082168579102 97.0592575073242 97.7314910888672 97.8559036254883 97.2908020019531
190.659240722656 193.67692565918 196.015594482422 197.30778503418 195.231918334961 191.798721313477 195.201812744141 199.914352416992 201.161071777344 200.526672363281 200.771286010742 200.396484375 199.571273803711 197.384429931641 197.195617675781 195.894744873047 194.813369750977 192.16667175293 190.536087036133 183.500076293945 184.934524536133 176.883285522461 170.589508056641 161.759170532227 156.824569702148 142.854629516602 139.995529174805 139.123153686523 139.970336914062 133.253616333008 122.626235961914 111.72038269043 107.208908081055 105.122680664062 104.69612121582 101.368690490723 104.313766479492 105.768615722656 102.290161132812 102.243721008301 98.1403503417969 101.015815734863 104.656578063965 96.3147354125977 95.7541732788086 97.4961547851562 98.3485870361328 97.747688293457 97.3331909179688 97.3530197143555
187.70817565918 191.36491394043 191.9765625 193.30940246582 193.326873779297 194.439575195312 197.143356323242 199.164993286133 196.494766235352 198.613952636719 197.956924438477 196.207153320312 198.082550048828 196.481552124023 195.473434448242 195.390914916992 194.312896728516 192.064086914062 192.707321166992 185.161270141602 181.144287109375 171.777465820312 166.766387939453 161.978729248047 157.694320678711 151.099304199219 144.678756713867 141.746063232422 138.351104736328 133.381973266602 122.689765930176 107.515113830566 106.553977966309 104.916633605957 104.826049804688 100.775054931641 100.897361755371 105.821914672852 102.588989257812 102.123832702637 100.640449523926 103.642951965332 98.0256500244141 93.7149963378906 92.6882476806641 93.6255874633789 97.6423492431641 94.9684143066406 78.3358154296875 79.002815246582
181.276718139648 179.237579345703 184.617691040039 180.081237792969 186.392730712891 187.568649291992 191.874313354492 198.061233520508 199.211853027344 199.613235473633 199.387817382812 197.748443603516 196.162414550781 197.554077148438 196.39826965332 196.276596069336 195.255035400391 191.123657226562 190.568084716797 184.185440063477 180.977203369141 172.806564331055 163.858001708984 160.069519042969 155.272338867188 154.204498291016 146.590515136719 141.996276855469 138.367065429688 131.072280883789 121.033164978027 111.933883666992 105.550933837891 104.869895935059 105.682441711426 103.908615112305 100.750930786133 100.324195861816 102.580459594727 101.409782409668 100.289581298828 96.3545227050781 94.8535385131836 93.6226196289062 92.6522750854492 92.2117156982422 72.7787780761719 73.6655349731445 75.6165390014648 77.7663879394531
178.60041809082 176.938629150391 180.683731079102 185.302978515625 187.014038085938 191.647094726562 195.187088012695 196.339065551758 195.003845214844 196.951766967773 198.523300170898 197.6259765625 196.992385864258 196.666030883789 195.69108581543 194.774078369141 194.139770507812 192.460464477539 188.846496582031 184.979049682617 178.393524169922 168.240478515625 162.584930419922 158.586547851562 155.258743286133 151.16877746582 148.928680419922 141.140991210938 137.454635620117 129.956512451172 121.264175415039 111.756553649902 111.290657043457 108.47477722168 105.682441711426 104.177734375 104.959518432617 98.5377807617188 101.424850463867 101.950965881348 100.458946228027 96.9202117919922 94.6530227661133 94.5079345703125 72.8594512939453 72.2439956665039 75.6457366943359 76.647102355957 78.065673828125 77.7637100219727
179.32194519043 180.769882202148 182.584991455078 184.060974121094 186.167556762695 189.144119262695 193.512985229492 192.22412109375 193.683227539062 193.288711547852 193.656265258789 215.837585449219 212.333923339844 194.40022277832 207.600448608398 193.157318115234 194.025131225586 192.366180419922 191.836151123047 185.30207824707 181.467697143555 175.408645629883 169.446487426758 157.113372802734 152.752075195312 146.877304077148 145.639495849609 142.656158447266 140.165084838867 129.972213745117 124.146194458008 121.229118347168 112.651008605957 113.275230407715 107.431373596191 106.143119812012 104.890419006348 100.804267883301 93.9294967651367 97.9278335571289 98.7889175415039 97.4753494262695 94.6741485595703 92.919319152832 92.3566436767578 73.377067565918 75.5149002075195 77.4528503417969 78.1184997558594 78.6380615234375
169.934631347656 178.9365234375 181.46142578125 180.063873291016 185.560256958008 187.745178222656 187.583984375 189.541549682617 190.642196655273 192.944580078125 194.698486328125 191.842025756836 195.22102355957 194.082748413086 208.128234863281 193.331970214844 193.299713134766 192.062484741211 188.716567993164 182.873672485352 181.243469238281 175.186645507812 167.502319335938 162.652328491211 152.29248046875 149.308502197266 143.638427734375 139.898864746094 138.607452392578 132.723495483398 121.322685241699 115.70304107666 113.778289794922 107.186752319336 106.48356628418 106.538856506348 106.159996032715 100.396713256836 94.2311019897461 94.8129730224609 96.7437896728516 97.4753494262695 94.5759506225586 92.7170104980469 93.3421096801758 73.3498077392578 75.6672210693359 77.416259765625 77.2017593383789 77.7422714233398
172.842254638672 178.849411010742 181.163604736328 181.33332824707 183.73698425293 187.002517700195 187.131927490234 188.705978393555 189.337005615234 190.248596191406 191.915634155273 193.310913085938 193.233520507812 192.776428222656 191.865692138672 190.439483642578 193.381820678711 192.60481262207 184.113037109375 181.274505615234 179.656692504883 172.739685058594 171.767608642578 158.130569458008 152.841781616211 149.019104003906 143.285064697266 141.737426757812 138.640716552734 134.95442199707 130.444854736328 119.554382324219 111.764015197754 106.343910217285 105.576721191406 105.795928955078 108.316795349121 106.101364135742 98.8862991333008 96.399055480957 95.5899810791016 94.9540786743164 95.5824279785156 73.4292907714844 73.1239471435547 73.0104598999023 72.727424621582 73.6921157836914 75.4024353027344 77.6095962524414
173.93229675293 173.416732788086 176.639541625977 178.511199951172 182.247085571289 182.663009643555 185.286560058594 185.721862792969 187.927505493164 188.070098876953 191.966003417969 193.667953491211 190.011260986328 187.765213012695 189.084930419922 189.743911743164 190.867614746094 186.849533081055 184.006195068359 179.802276611328 175.829772949219 171.319229125977 165.763473510742 156.287399291992 151.676467895508 146.873626708984 143.167831420898 141.070999145508 138.528884887695 128.825469970703 121.477363586426 112.478271484375 115.930770874023 106.71314239502 105.969856262207 104.374328613281 105.817192077637 102.763214111328 98.7696533203125 95.5899810791016 95.4096450805664 95.418083190918 94.5409927368164 73.029296875 72.9019546508789 72.5499801635742 73.4247512817383 73.111213684082 76.2705383300781 76.2594223022461
172.901306152344 176.990814208984 175.21842956543 176.006240844727 180.73583984375 182.834014892578 184.32926940918 185.629409790039 187.535629272461 188.874374389648 189.772079467773 189.498016357422 188.302947998047 189.359298706055 181.391845703125 183.872924804688 187.52717590332 183.669616699219 181.288436889648 175.275100708008 173.029220581055 167.790374755859 160.48503112793 153.717910766602 148.701889038086 146.23876953125 144.655624389648 140.577484130859 138.570373535156 127.612693786621 120.798385620117 110.864158630371 109.076934814453 107.302658081055 106.168632507324 102.872222900391 99.4507141113281 96.0752029418945 95.8201446533203 94.8386077880859 95.8201446533203 94.463981628418 93.9118957519531 73.2929840087891 73.9138031005859 73.3382568359375 73.0686492919922 73.3833160400391 76.0160827636719 77.4689865112305
170.60188293457 171.648223876953 173.405197143555 174.066802978516 176.578674316406 180.358291625977 178.043533325195 182.041961669922 186.096374511719 186.222320556641 186.220596313477 186.103546142578 183.380599975586 177.120010375977 180.118713378906 180.973754882812 184.783660888672 180.256759643555 179.732986450195 174.741561889648 169.065811157227 165.125534057617 162.166152954102 156.029647827148 150.505813598633 146.770324707031 143.495452880859 139.98908996582 134.538513183594 123.577346801758 111.540473937988 108.258949279785 105.167724609375 107.390640258789 106.70142364502 102.338897705078 96.6304550170898 96.9193572998047 96.6162261962891 95.1275482177734 95.4554901123047 94.6651992797852 94.1144409179688 94.1971893310547 73.2537460327148 72.9383316040039 73.7966461181641 73.9695892333984 76.8501434326172 78.0861358642578
174.476364135742 167.348434448242 168.960800170898 173.545379638672 172.157638549805 170.11540222168 168.38200378418 168.484497070312 167.831588745117 167.225891113281 173.852981567383 177.120010375977 179.406280517578 181.921310424805 185.180160522461 186.747222900391 188.431976318359 180.356597900391 173.388366699219 177.723098754883 177.162673950195 169.571350097656 162.5751953125 153.828735351562 154.950881958008 147.273559570312 141.601943969727 138.773895263672 122.625900268555 122.984870910645 121.6142578125 114.197685241699 107.298645019531 105.417953491211 106.091285705566 97.6037902832031 95.7032470703125 93.1812744140625 92.9459228515625 92.5460815429688 92.8291473388672 92.7089233398438 94.1476364135742 93.740478515625 73.0190200805664 72.7365875244141 73.8664321899414 75.9623413085938 75.7429885864258 78.6513061523438
168.299667358398 163.645278930664 156.388229370117 158.07356262207 164.32926940918 163.350845336914 160.515914916992 153.693695068359 156.930709838867 166.862808227539 171.507614135742 181.351181030273 183.73698425293 185.468627929688 185.149261474609 185.669128417969 185.434478759766 181.354248046875 180.833099365234 178.303192138672 170.581359863281 163.618804931641 158.740356445312 147.831085205078 151.612533569336 142.006851196289 133.797210693359 123.847465515137 114.581604003906 122.76139831543 119.851989746094 110.95832824707 106.428115844727 105.355880737305 101.922080993652 96.2184982299805 95.0907440185547 93.7909927368164 92.6068420410156 92.6428298950195 93.6875686645508 93.9580307006836 93.9983749389648 93.5019302368164 72.6953277587891 72.6655197143555 73.8372802734375 75.9901275634766 77.9146575927734 78.6370010375977
154.451538085938 155.465515136719 152.167663574219 153.967895507812 158.625961303711 162.359252929688 166.269439697266 156.622955322266 160.030807495117 166.767059326172 174.651794433594 177.602157592773 180.760192871094 181.475891113281 184.382827758789 183.698806762695 182.618530273438 178.920913696289 180.158340454102 173.040542602539 172.34992980957 165.584564208984 160.934768676758 149.101470947266 150.190246582031 142.383972167969 215.955307006836 215.225463867188 209.521484375 120.598510742188 208.733749389648 108.57958984375 106.037071228027 99.5742340087891 98.2693328857422 95.984375 93.6937942504883 92.6728134155273 91.9956207275391 92.3856658935547 93.2228546142578 93.8029861450195 93.6763076782227 93.8777313232422 93.5019302368164 93.6315155029297 95.6239776611328 77.392578125 78.7503051757812 79.8651657104492
150.102462768555 150.58479309082 152.045593261719 156.27815246582 159.221633911133 165.661636352539 171.51708984375 169.160263061523 168.728332519531 174.252288818359 175.74089050293 174.787017822266 177.657516479492 178.170181274414 179.025131225586 178.338165283203 179.967437744141 174.817047119141 171.915512084961 172.437271118164 168.599960327148 159.384063720703 154.740112304688 151.25456237793 145.421035766602 142.702484130859 216.477355957031 208.465896606445 208.937850952148 208.317733764648 207.023010253906 106.10725402832 99.7283782958984 99.0624084472656 96.2346649169922 92.8090896606445 93.5834426879883 92.0667037963867 92.1757049560547 92.6198959350586 92.6117935180664 93.6413040161133 94.4048614501953 93.4612197875977 94.5477523803711 97.0873031616211 97.8908157348633 97.5018539428711 99.0863800048828 79.5031433105469
