sd_MH.asc
NCOLS 427 
NROWS 362 
XLLCORNER -9.541666667 
YLLCORNER 36 
CELLSIZE 0.0416666666674473 
NODATA_value -3.4e+38 
[rows 96 to 119 of 362, columns 212 to 264 of 427]
14.3187913894653 14.2517051696777 14.3420515060425 12.2780294418335 12.3995971679688 12.4643936157227 12.5675954818726 12.0496654510498 12.0392875671387 12.2076930999756 12.1735143661499 12.4899959564209 12.4074354171753 12.4096736907959 12.4242143630981 16.628288269043 16.6441516876221 13.2675457000732 13.1339254379272 13.3364582061768 13.0192165374756 12.4398555755615 12.4398555755615 12.4677362442017 15.6666669845581 16.6716651916504 16.0086784362793 12.7910556793213 15.0831031799316 16.9811992645264 17.4928550720215 14.1195297241211 14.552586555481 15.0665187835693 15.1739912033081 -3.4e+38 -3.4e+38 -3.4e+38 -3.4e+38 -3.4e+38 -3.4e+38 -3.4e+38 -3.4e+38 -3.4e+38 -3.4e+38 -3.4e+38 -3.4e+38 -3.4e+38 -3.4e+38 -3.4e+38 -3.4e+38 -3.4e+38 -3.4e+38
14.4173889160156 12.8235893249512 12.9110202789307 12.1392383575439 12.5576448440552 12.6304302215576 12.620530128479 12.2008647918701 11.9070472717285 12.0358257293701 12.0519704818726 12.0703954696655 12.3265743255615 11.9315176010132 11.8403730392456 12.4242143630981 16.8630104064941 13.0096120834351 13.162446975708 13.0192165374756 13.071385383606 12.0415945053101 11.9907369613647 12.8840990066528 12.1552457809448 15.4820680618286 12.9721927642822 12.7027997970581 13.720422744751 13.4608488082886 16.5981922149658 16.218132019043 13.9741821289062 14.9731245040894 -3.4e+38 -3.4e+38 -3.4e+38 -3.4e+38 -3.4e+38 -3.4e+38 -3.4e+38 -3.4e+38 -3.4e+38 -3.4e+38 -3.4e+38 -3.4e+38 -3.4e+38 -3.4e+38 -3.4e+38 -3.4e+38 -3.4e+38 -3.4e+38 -3.4e+38
14.2916059494019 13.9373598098755 14.326548576355 13.8423662185669 11.914044380188 12.4610500335693 12.5996026992798 12.5996026992798 12.2008647918701 12.0208148956299 11.8110122680664 12.4074354171753 12.5199842453003 12.2791604995728 12.1083078384399 12.4040765762329 12.2167921066284 16.8184757232666 17.2127208709717 17.2972373962402 16.3944435119629 16.271993637085 15.3360500335693 12.7747583389282 12.5543260574341 12.5874719619751 12.7519063949585 13.6727628707886 13.648362159729 13.1148767471313 13.747727394104 14.7601184844971 13.7295303344727 13.6971206665039 14.1224803924561 14.3362398147583 -3.4e+38 -3.4e+38 -3.4e+38 -3.4e+38 -3.4e+38 -3.4e+38 -3.4e+38 -3.4e+38 -3.4e+38 -3.4e+38 -3.4e+38 -3.4e+38 -3.4e+38 -3.4e+38 -3.4e+38 -3.4e+38 -3.4e+38
14.1332941055298 14.3362398147583 12.7584390640259 11.9070472717285 11.9837856292725 13.5410900115967 13.684947013855 13.5533924102783 13.8293170928955 13.914421081543 12.1461009979248 12.2076930999756 12.0876426696777 12.3434638977051 12.5244207382202 12.0876426696777 12.3939952850342 16.0390148162842 16.2668724060059 16.332483291626 16.3333339691162 12.9271459579468 14.3536682128906 12.6271314620972 13.071385383606 12.8527994155884 12.4275674819946 13.2287569046021 13.5595397949219 13.5256958007812 13.3551902770996 14.9424819946289 13.7568168640137 13.5922775268555 13.6727628707886 13.9114265441895 13.802173614502 -3.4e+38 -3.4e+38 -3.4e+38 -3.4e+38 -3.4e+38 -3.4e+38 -3.4e+38 -3.4e+38 -3.4e+38 -3.4e+38 -3.4e+38 -3.4e+38 -3.4e+38 -3.4e+38 -3.4e+38 -3.4e+38
14.2136478424072 14.0623607635498 13.9443340301514 13.6239166259766 13.6177988052368 13.8994407653809 13.9682178497314 14.0307207107544 14.107720375061 13.8604154586792 13.6564998626709 11.9582605361938 11.9582605361938 12.0208148956299 12.0807466506958 12.3434638977051 11.8743419647217 15.8307018280029 15.6923551559448 16.4924221038818 16.4924221038818 16.2796745300293 15.65247631073 12.9689798355103 12.9689798355103 13.9642400741577 13.3041343688965 13.9910688400269 14.1421356201172 14.1195297241211 13.8092155456543 13.5226144790649 14.7394027709961 13.6147384643555 13.9910688400269 14.7394027709961 14.5640344619751 -3.4e+38 -3.4e+38 -3.4e+38 -3.4e+38 -3.4e+38 -3.4e+38 -3.4e+38 -3.4e+38 -3.4e+38 -3.4e+38 -3.4e+38 -3.4e+38 -3.4e+38 -3.4e+38 -3.4e+38 -3.4e+38
13.9283885955811 13.7021894454956 13.4515590667725 13.7295303344727 14.0128908157349 13.348949432373 13.348949432373 13.5441665649414 14.4289445877075 14.045560836792 13.6392002105713 13.6656503677368 13.6392002105713 12.3028907775879 12.5199842453003 12.410792350769 11.9478034973145 16.0476722717285 15.7638826370239 16.5210304260254 16.6958084106445 13.955286026001 12.8851766586304 13.2455444335938 13.34166431427 13.9054346084595 13.9642400741577 14.0277500152588 13.856406211853 13.3697423934937 13.6727628707886 14.3362398147583 13.3707809448242 14.2546291351318 13.6269750595093 13.9104280471802 14.6116390228271 13.4577531814575 -3.4e+38 -3.4e+38 -3.4e+38 -3.4e+38 -3.4e+38 -3.4e+38 -3.4e+38 -3.4e+38 -3.4e+38 -3.4e+38 -3.4e+38 -3.4e+38 -3.4e+38 -3.4e+38 -3.4e+38
13.9532947540283 14.1598024368286 13.7820329666138 13.7931146621704 14.2692365646362 13.5554418563843 13.4814691543579 13.6086168289185 13.8664264678955 14.1813650131226 14.0623607635498 14.0603857040405 13.8293170928955 13.5932989120483 13.8834438323975 12.8743934631348 12.7159128189087 14.0218086242676 15.5724115371704 14.0722341537476 12.8235893249512 14.3090877532959 12.8743934631348 13.0096120834351 12.9850339889526 12.9786148071289 13.3239545822144 13.5503177642822 13.747727394104 12.7290134429932 14.0890026092529 13.8604154586792 13.2549781799316 13.5810327529907 14.3275184631348 14.0178461074829 14.0356683731079 14.2828569412231 14.1018123626709 -3.4e+38 -3.4e+38 -3.4e+38 -3.4e+38 -3.4e+38 -3.4e+38 -3.4e+38 -3.4e+38 -3.4e+38 -3.4e+38 -3.4e+38 -3.4e+38 -3.4e+38 -3.4e+38
13.8604154586792 13.7062435150146 12.9518337249756 13.280101776123 13.2235059738159 13.1095809936523 13.5369863510132 13.2329559326172 13.4143371582031 13.3790884017944 13.3520698547363 13.280101776123 14.1578407287598 13.275918006897 13.8784408569336 14.0178461074829 12.7584390640259 13.9443340301514 13.6636171340942 14.048526763916 12.620530128479 12.9529066085815 13.0862522125244 13.6575174331665 12.8268384933472 12.7584390640259 12.4208602905273 13.3551902770996 14.1754875183105 12.8743934631348 13.8423662185669 13.9114265441895 13.8363447189331 14.2741022109985 13.0958003997803 13.9741821289062 12.9689798355103 13.275918006897 13.275918006897 13.5441665649414 -3.4e+38 -3.4e+38 -3.4e+38 -3.4e+38 -3.4e+38 -3.4e+38 -3.4e+38 -3.4e+38 -3.4e+38 -3.4e+38 -3.4e+38 -3.4e+38 -3.4e+38
14.0890026092529 13.9731884002686 14.0781545639038 13.1698312759399 13.2769641876221 12.9946565628052 13.2549781799316 13.5830774307251 14.0959014892578 13.1761569976807 13.2193040847778 13.2581214904785 13.0841293334961 13.076696395874 13.6422548294067 13.7214345932007 14.186261177063 12.580849647522 13.4070873260498 13.4112310409546 14.2214622497559 12.7964839935303 13.0192165374756 13.0106792449951 12.7910556793213 13.1887998580933 13.5369863510132 13.774977684021 13.6381816864014 13.774977684021 14.0751953125 13.7457065582275 13.6024913787842 12.4599361419678 12.9045639038086 12.8657598495483 13.4236526489258 14.0277500152588 13.5932989120483 13.0671339035034 13.824294090271 14.3701076507568 13.7840490341187 14.8108444213867 15.1079444885254 15.0425319671631 -3.4e+38 -3.4e+38 -3.4e+38 -3.4e+38 -3.4e+38 -3.4e+38 -3.4e+38
13.0074768066406 13.2853298187256 13.2298059463501 12.7867116928101 12.9131717681885 12.8689985275269 13.34166431427 13.0096120834351 13.3510303497314 13.5195331573486 13.0841293334961 13.1339254379272 12.9131717681885 13.4670381546021 13.4070873260498 13.6930637359619 13.6361446380615 13.8092155456543 13.0288143157959 12.6172285079956 13.8473825454712 13.0936794281006 13.1000423431396 12.8754720687866 12.8625211715698 12.7126359939575 14.1421356201172 14.1372241973877 12.8040790557861 13.0288143157959 13.774977684021 12.3839054107666 12.2145175933838 12.457706451416 12.6787223815918 12.9077930450439 12.6304302215576 13.1434392929077 11.7839345932007 12.1358060836792 11.8086595535278 13.3738965988159 13.3614282608032 13.2612638473511 13.4143371582031 13.7153606414795 14.6011791229248 15.0037031173706 14.6969385147095 -3.4e+38 -3.4e+38 -3.4e+38 -3.4e+38
13.8122329711914 12.8981046676636 13.3697423934937 13.1951169967651 13.1148767471313 12.8257551193237 12.8160057067871 12.8257551193237 12.9529066085815 13.1339254379272 13.34166431427 13.1053428649902 12.9239225387573 13.34166431427 13.3458271026611 13.6055545806885 13.8001613616943 13.6930637359619 12.6139249801636 13.3977613449097 13.6239166259766 12.8527994155884 12.9368124008179 12.9914503097534 12.8365793228149 13.163501739502 13.6879911422729 13.720422744751 12.888409614563 12.8851766586304 13.5994281768799 12.3535871505737 12.5476865768433 12.5277471542358 12.5499000549316 11.842719078064 12.0427474975586 11.6702375411987 11.5445995330811 12.6589889526367 13.0384044647217 12.159815788269 12.4899959564209 9.78519248962402 12.594090461731 12.6600856781006 12.9561223983765 13.7214345932007 13.1698312759399 13.1159362792969 12.9303693771362 -3.4e+38 -3.4e+38
13.5830774307251 13.6839323043823 12.7714958190918 12.9131717681885 12.4298028945923 12.7082653045654 12.7224645614624 12.1803579330444 12.8981046676636 12.410792350769 13.0288143157959 13.1444959640503 13.2098445892334 13.5349340438843 13.2193040847778 12.7877979278564 13.562611579895 13.5738716125488 13.7608547210693 11.9976854324341 12.3389625549316 13.1339254379272 13.2486896514893 13.0074768066406 12.9529066085815 13.1254625320435 13.7931146621704 12.6885776519775 12.2882061004639 12.2213382720947 12.0933866500854 13.162446975708 12.1186265945435 12.620530128479 12.7649698257446 11.8532695770264 11.8298120498657 11.5866298675537 11.7579755783081 12.1037187576294 12.2983741760254 12.1392383575439 12.4275674819946 12.3794183731079 12.7671451568604 12.9228477478027 12.9228477478027 13.0479879379272 13.0862522125244 13.275918006897 13.3333330154419 -3.4e+38 -3.4e+38
13.3583097457886 13.3458271026611 13.9771642684937 12.9045639038086 12.7377395629883 12.6491107940674 12.2372379302979 12.4409713745117 13 12.9711217880249 12.7082653045654 13.3603887557983 13.34166431427 13.2140493392944 13.5410900115967 13.1761569976807 13.5810327529907 13.7426748275757 13.6514139175415 13.9771642684937 11.6452188491821 12.1837778091431 12.2927255630493 13.0862522125244 13.071385383606 13.3520698547363 12.3265743255615 12.3569593429565 12.3995971679688 12.1255006790161 12.1461009979248 12.2927255630493 12.1346607208252 12.3186845779419 11.48912525177 11.5518159866333 11.5518159866333 11.8790197372437 11.8720026016235 12.0427474975586 12.1940336227417 12.3794183731079 9.43545341491699 9.29306793212891 9.53647994995117 8.95513534545898 9.11652946472168 8.94116592407227 12.3693170547485 13.5472421646118 13.8363447189331 13.0479879379272 12.7475490570068
11.9895792007446 11.9895792007446 12.8300857543945 12.8743934631348 13.152946472168 12.4007167816162 12.6787223815918 11.8684921264648 12.2780294418335 12.9754037857056 12.7082653045654 12.8463134765625 13.3894653320312 12.9850339889526 12.9303693771362 13.2014312744141 13.2455444335938 13.3208274841309 13.3583097457886 13.6361446380615 11.2669620513916 11.7046995162964 11.7910041809082 11.7697820663452 12.0104122161865 12.3502140045166 12.0565795898438 12.2349681854248 12.3434638977051 11.508451461792 11.4212274551392 12.1563882827759 11.7697820663452 11.4758195877075 11.6380605697632 11.6165590286255 11.6987657546997 11.5518159866333 11.821590423584 12.170090675354 8.9442720413208 11.6308975219727 11.5217189788818 8.71779823303223 8.39642810821533 8.57969188690186 8.68587589263916 8.76229286193848 8.61845588684082 10.4536008834839 10.7470922470093 12.594090461731 13.1434392929077
11.7473402023315 11.9419889450073 13.6300325393677 12.8300857543945 12.5642795562744 12.1632413864136 12.3265743255615 12.3028907775879 11.9163751602173 12.6040115356445 12.6491107940674 12.6293306350708 12.9045639038086 12.888409614563 12.6798181533813 12.6798181533813 12.8916425704956 12.4298028945923 12.8560409545898 13.3977613449097 13.7608547210693 11.9872617721558 12.0046291351318 12.2065553665161 12.2281551361084 12.1255006790161 11.8614692687988 11.9663877487183 11.8684921264648 12.3906326293945 12.1037187576294 11.8614692687988 11.9384994506836 11.3370094299316 11.7378778457642 12.0830459594727 11.6940155029297 11.8227653503418 8.75277709960938 9.01541900634766 11.2373390197754 8.61845588684082 11.508451461792 8.57483386993408 9.69536018371582 8.53587245941162 8.47709369659424 9.72111129760742 9.89949512481689 10.9138040542603 10.767749786377 12.4275674819946 13.3322916030884
12.0945348739624 12.0669431686401 13.3229122161865 12.6095199584961 12.5642795562744 12.6073169708252 12.4309206008911 12.170090675354 12.3231945037842 11.6081867218018 11.8298120498657 11.9872617721558 12.1974496841431 12.8333330154419 12.9131717681885 12.8657598495483 12.6896724700928 12.6491107940674 12.949688911438 12.8851766586304 13.3427047729492 13.1793184280396 11.8953771591187 11.9384994506836 12.0496654510498 11.821590423584 12.0531234741211 11.6702375411987 11.236102104187 11.357816696167 11.0201835632324 11.1218004226685 11.1927556991577 11.113055229187 11.5806350708008 11.6833209991455 10.7017650604248 8.70504283905029 10.9430341720581 11.1442565917969 8.79077816009521 8.33666610717773 8.47217655181885 8.13087368011475 8.49182605743408 8.58939933776855 8.3831844329834 8.70504283905029 8.58778190612793 10.5803804397583 11.3627071380615 14.2546291351318 14.7572956085205
12.3028907775879 12.2689762115479 13.1540021896362 12.7812795639038 12.4677362442017 12.5 12.487771987915 12.2417774200439 12.0841951370239 11.2447519302368 11.1218004226685 11.5012073516846 11.3798065185547 11.7697820663452 11.9582605361938 11.9895792007446 12.3895120620728 12.5476865768433 12.3670711517334 12.6106214523315 12.6370267868042 12.7420997619629 11.6081867218018 11.7058868408203 11.7058868408203 10.986102104187 11.0428457260132 11.0227041244507 11.3137083053589 11.2817449569702 11.1579570770264 11.2373390197754 11.4782400131226 11.0541591644287 11.4867076873779 10.5830049514771 10.740629196167 8.7146110534668 8.5 8.96908283233643 8.90380668640137 8.39642810821533 9.05691909790039 8.69546508789062 8.93028545379639 9.35117340087891 9.02773475646973 9.27361869812012 9 9.70108795166016 11.5650339126587 14.0801277160645 15.7250680923462
11.9629058837891 12.1140413284302 12.2179288864136 12.159815788269 12.5210933685303 12.0358257293701 12.2791604995728 11.2521600723267 11.2915897369385 11.2447519302368 11.1218004226685 11.7201156616211 11.7520685195923 12.1323719024658 11.8004236221313 12.1461009979248 12.3939952850342 12.517765045166 12.5343971252441 12.5797452926636 12.8257551193237 12.5410432815552 12.7671451568604 12.7671451568604 12.7682332992554 10.9886302947998 10.9886302947998 11.2187833786011 11.2915897369385 11.3517007827759 11.3137083053589 11.4066257476807 11.4540147781372 11.1479940414429 8.47053718566895 8.37821292877197 8.84747314453125 8.48691844940186 8.84747314453125 8.26303672790527 8.26135540008545 9.13783359527588 9.13479328155518 9.01541900634766 8.63133811950684 9.57572174072266 9.15757083892822 9.5 10.3171920776367 10.3077640533447 10.3816080093384 14.6097383499146 15.0748138427734
12.0738468170166 12.1769361495972 12.2485828399658 12.3028907775879 12.4309206008911 12.1963109970093 12.1871976852417 11.3468055725098 11.2026786804199 11.1180534362793 11.5229244232178 11.6666669845581 9.77241039276123 10.0595445632935 10.0623054504395 12.7279224395752 12.6984252929688 12.7867116928101 12.7290134429932 12.9142475128174 12.6765308380127 12.6765308380127 12.7027997970581 12.7082653045654 13.2455444335938 13.0106792449951 10.7948036193848 10.9823093414307 11.0579280853271 11.0692262649536 12.7747583389282 11.0113573074341 8.79077816009521 10.4642248153687 10.3198833465576 7.95996952056885 10.0055541992188 10.0374298095703 8.14111614227295 9.47071552276611 7.83865070343018 10.5948104858398 10.5882530212402 10.1008796691895 10.2347450256348 9.57572174072266 10.1008796691895 10.6418981552124 11.5734367370605 11.7980699539185 12.2678442001343 14.2077836990356 14.6287384033203
12.2474489212036 11.2854375839233 11.4102783203125 12.3164300918579 12.3995971679688 11.9105463027954 12.1757955551147 11.2472219467163 11.2743558883667 11.1815824508667 11.4685564041138 9.17877960205078 9.23910808563232 9.50584602355957 9.88685989379883 10.0124921798706 11.5373792648315 12.845232963562 12.9335908889771 13.1814260482788 12.9110202789307 13.2014312744141 12.9142475128174 12.2927255630493 12.3592071533203 12.9518337249756 12.1655254364014 12.3839054107666 10.7793531417847 10.6861801147461 10.8294868469238 10.7056579589844 10.767749786377 10.6066017150879 9.67958927154541 10.5843172073364 10.7819290161133 9.94708251953125 10.0429630279541 9.46191215515137 10.0180397033691 11.3443574905396 11.3956623077393 10.8525466918945 10.9886302947998 10.4854393005371 10.7289848327637 11.6344795227051 11.5734367370605 11.6404466629028 11.9373359680176 10.4814653396606 14.2048501968384
11.6237306594849 12.1803579330444 12.3995971679688 11.9663877487183 12.2723722457886 11.9942111968994 12.2076930999756 10.908712387085 11.1218004226685 11.1068048477173 11.0905361175537 11.3296566009521 11.4455232620239 9.68245792388916 9.76956748962402 10.3440799713135 10.2848320007324 11.9895792007446 11.9837856292725 12.9421787261963 13.1148767471313 13.1381549835205 13.2203550338745 12.1151876449585 12.1495313644409 13.0202836990356 12.4197425842285 10.3212299346924 10.6783790588379 10.6353712081909 10.740629196167 10.5921878814697 10.4163331985474 9.63068008422852 10.2238826751709 10.1008796691895 10.0013885498047 10.3010244369507 10.3333330154419 10.3735771179199 11.2632637023926 10.8333330154419 9.83615779876709 10.1008796691895 10.6471176147461 11.4102783203125 11.1355285644531 10.1132478713989 10.2929315567017 12.3906326293945 12.1860580444336 14.2253684997559 14.6780261993408
11.4455232620239 12.1014232635498 12.1323719024658 11.842719078064 11.5433959960938 11.3773651123047 11.0692262649536 11.2039175033569 11.2039175033569 11.1068048477173 11.1068048477173 11.1479940414429 10.5830049514771 9.22105121612549 9.97218322753906 10.0249691009521 9.74821949005127 9.97496891021729 10.1707639694214 10.1707639694214 10.1871376037598 10.1994009017944 12.3198127746582 10.1830472946167 10.2888832092285 10.2888832092285 10.6588516235352 10.6392879486084 10.6588516235352 10.0374298095703 10.0678253173828 9.5844202041626 9.97496891021729 10.2401714324951 10.2102890014648 9.98471069335938 10.3198833465576 10.232029914856 10.7870807647705 10.7793531417847 10.8832187652588 12.2587833404541 11.3700389862061 11.1255464553833 11.0616960525513 11.6940155029297 11.0227041244507 10.2888832092285 10.3440799713135 10.6588516235352 10.3695602416992 10.6588516235352 13.8924436569214
11.0905361175537 11.4649219512939 11.2026786804199 11.3700389862061 11.4649219512939 10.965856552124 11.0566720962524 10.3816080093384 11.2373390197754 10.9595212936401 10.9747180938721 11.2595634460449 11.4685564041138 11.1442565917969 9.78235340118408 9.89247703552246 9.74679470062256 10.0346622467041 10.2713193893433 10.2713193893433 12.4096736907959 12.3096618652344 12.3096618652344 10.3091115951538 10.0305089950562 10.2888832092285 9.92471694946289 10.6510305404663 10.7212142944336 9.92471694946289 9.99722194671631 10.124228477478 9.90510559082031 10.1612005233765 10.5830049514771 10.1666669845581 10.6939754486084 10.8025207519531 11.0088348388672 11.3247518539429 10.9633226394653 10.7095489501953 10.8832187652588 11.1703977584839 10.8333330154419 10.3333330154419 10.2075681686401 11.6619033813477 11.6559476852417 10.3333330154419 10.5092554092407 11.2694272994995 13.163501739502
10.8397417068481 10.3896312713623 10.5 11.357816696167 11.3773651123047 11.0679721832275 10.3440799713135 10.2686147689819 11.1803398132324 11.2039175033569 11.2583303451538 10.3775930404663 10.4016561508179 9.13935279846191 9.13935279846191 8.94582462310791 9.87983322143555 9.86717319488525 10.1734952926636 9.73538780212402 10.0305089950562 10.1091270446777 10.0305089950562 10.2238826751709 10.2198066711426 9.55830097198486 9.92471694946289 9.98053646087646 9.90510559082031 9.64365100860596 9.98471069335938 10.3319892883301 9.88826465606689 9.75249290466309 10.4536008834839 10.748384475708 10.7832174301147 11.0126190185547 11.1517314910889 10.8832187652588 11.9350090026855 11.1442565917969 11.2694272994995 11.2026786804199 11.0113573074341 10.8050918579102 10.7238054275513 10.6236114501953 10.4695329666138 10.5237827301025 11.211353302002 10.6588516235352 14.1950693130493
