sd_MH.asc
NCOLS 427 
NROWS 362 
XLLCORNER -9.541666667 
YLLCORNER 36 
CELLSIZE 0.0416666666674473 
NODATA_value -3.4e+38 
[rows 24 to 47 of 362, columns 212 to 264 of 427]
-3.4e+38 -3.4e+38 -3.4e+38 -3.4e+38 -3.4e+38 -3.4e+38 -3.4e+38 -3.4e+38 -3.4e+38 -3.4e+38 -3.4e+38 -3.4e+38 -3.4e+38 -3.4e+38 -3.4e+38 -3.4e+38 -3.4e+38 -3.4e+38 -3.4e+38 -3.4e+38 -3.4e+38 -3.4e+38 -3.4e+38 -3.4e+38 -3.4e+38 -3.4e+38 -3.4e+38 -3.4e+38 -3.4e+38 -3.4e+38 -3.4e+38 -3.4e+38 -3.4e+38 -3.4e+38 -3.4e+38 -3.4e+38 -3.4e+38 -3.4e+38 -3.4e+38 -3.4e+38 -3.4e+38 -3.4e+38 -3.4e+38 -3.4e+38 -3.4e+38 -3.4e+38 -3.4e+38 -3.4e+38 -3.4e+38 -3.4e+38 13.0266819000244 12.7649698257446 11.7046995162964
-3.4e+38 -3.4e+38 -3.4e+38 -3.4e+38 -3.4e+38 -3.4e+38 -3.4e+38 -3.4e+38 -3.4e+38 -3.4e+38 -3.4e+38 -3.4e+38 -3.4e+38 -3.4e+38 -3.4e+38 -3.4e+38 -3.4e+38 -3.4e+38 -3.4e+38 -3.4e+38 -3.4e+38 -3.4e+38 -3.4e+38 -3.4e+38 -3.4e+38 -3.4e+38 -3.4e+38 -3.4e+38 -3.4e+38 -3.4e+38 -3.4e+38 -3.4e+38 -3.4e+38 -3.4e+38 -3.4e+38 -3.4e+38 -3.4e+38 -3.4e+38 -3.4e+38 -3.4e+38 -3.4e+38 -3.4e+38 -3.4e+38 -3.4e+38 -3.4e+38 -3.4e+38 -3.4e+38 -3.4e+38 12.6567945480347 12.2983741760254 12.3939952850342 12.7975692749023 12.845232963562
-3.4e+38 -3.4e+38 -3.4e+38 -3.4e+38 -3.4e+38 -3.4e+38 -3.4e+38 -3.4e+38 -3.4e+38 -3.4e+38 -3.4e+38 -3.4e+38 -3.4e+38 -3.4e+38 -3.4e+38 -3.4e+38 -3.4e+38 -3.4e+38 -3.4e+38 -3.4e+38 -3.4e+38 -3.4e+38 -3.4e+38 -3.4e+38 -3.4e+38 -3.4e+38 -3.4e+38 -3.4e+38 -3.4e+38 -3.4e+38 -3.4e+38 -3.4e+38 -3.4e+38 -3.4e+38 -3.4e+38 -3.4e+38 -3.4e+38 -3.4e+38 -3.4e+38 -3.4e+38 -3.4e+38 -3.4e+38 -3.4e+38 -3.4e+38 -3.4e+38 -3.4e+38 10.4642248153687 9.44722175598145 12.3872690200806 12.4777584075928 12.2315616607666 6.89202451705933 7.12390327453613
-3.4e+38 -3.4e+38 -3.4e+38 -3.4e+38 -3.4e+38 -3.4e+38 -3.4e+38 -3.4e+38 -3.4e+38 -3.4e+38 -3.4e+38 -3.4e+38 -3.4e+38 -3.4e+38 -3.4e+38 -3.4e+38 -3.4e+38 -3.4e+38 -3.4e+38 -3.4e+38 -3.4e+38 -3.4e+38 -3.4e+38 -3.4e+38 -3.4e+38 -3.4e+38 -3.4e+38 -3.4e+38 -3.4e+38 -3.4e+38 -3.4e+38 -3.4e+38 -3.4e+38 -3.4e+38 -3.4e+38 -3.4e+38 -3.4e+38 -3.4e+38 -3.4e+38 -3.4e+38 -3.4e+38 -3.4e+38 -3.4e+38 -3.4e+38 9.59745311737061 6.9061164855957 6.67083215713501 7.85988426208496 6.94822120666504 8.00173568725586 7.06124019622803 9.69536018371582 9.70824432373047
-3.4e+38 -3.4e+38 -3.4e+38 -3.4e+38 -3.4e+38 -3.4e+38 -3.4e+38 -3.4e+38 -3.4e+38 -3.4e+38 -3.4e+38 -3.4e+38 -3.4e+38 -3.4e+38 -3.4e+38 -3.4e+38 -3.4e+38 -3.4e+38 -3.4e+38 -3.4e+38 -3.4e+38 -3.4e+38 -3.4e+38 -3.4e+38 -3.4e+38 -3.4e+38 -3.4e+38 -3.4e+38 -3.4e+38 -3.4e+38 -3.4e+38 -3.4e+38 -3.4e+38 -3.4e+38 -3.4e+38 -3.4e+38 -3.4e+38 12.6688594818115 12.7191896438599 12.6688594818115 10.4416370391846 9.4970760345459 11.8157148361206 12.551007270813 12.8170890808105 9.70108795166016 10.0595445632935 9.53210926055908 9.58007144927979 7.98435974121094 7.5901985168457 7.04942846298218 6.74124956130981
-3.4e+38 -3.4e+38 -3.4e+38 -3.4e+38 -3.4e+38 -3.4e+38 -3.4e+38 -3.4e+38 -3.4e+38 -3.4e+38 -3.4e+38 -3.4e+38 -3.4e+38 -3.4e+38 -3.4e+38 -3.4e+38 -3.4e+38 -3.4e+38 -3.4e+38 -3.4e+38 -3.4e+38 -3.4e+38 -3.4e+38 -3.4e+38 -3.4e+38 -3.4e+38 -3.4e+38 -3.4e+38 -3.4e+38 -3.4e+38 -3.4e+38 11.1579570770264 6.28490257263184 6.78233003616333 11.1105556488037 6.76387453079224 11.1964778900146 10.6510305404663 11.6523723602295 10.6900787353516 10.6432037353516 9.41777324676514 11.0880317687988 7.61759662628174 9.62346649169922 11.9872617721558 9.4604434967041 6.67291355133057 6.85768032073975 9.41777324676514 7.14337301254272 6.96020412445068 6.92820310592651
-3.4e+38 -3.4e+38 -3.4e+38 -3.4e+38 -3.4e+38 -3.4e+38 -3.4e+38 -3.4e+38 -3.4e+38 -3.4e+38 -3.4e+38 -3.4e+38 -3.4e+38 -3.4e+38 -3.4e+38 -3.4e+38 -3.4e+38 -3.4e+38 -3.4e+38 -3.4e+38 -3.4e+38 -3.4e+38 -3.4e+38 -3.4e+38 -3.4e+38 -3.4e+38 -3.4e+38 -3.4e+38 -3.4e+38 7.83865070343018 8.0121431350708 8.2915620803833 6.76592779159546 7.81735944747925 8.03291797637939 6.38357257843018 6.38357257843018 6.94222164154053 6.63324975967407 7.08872365951538 9.77241039276123 7.10242509841919 7.69920635223389 7.04351568222046 6.9121470451355 9.88826465606689 6.99603080749512 11.1803398132324 7.03562355041504 7.5018515586853 6.32455539703369 11.0466184616089 7.53325939178467
-3.4e+38 -3.4e+38 -3.4e+38 -3.4e+38 -3.4e+38 -3.4e+38 -3.4e+38 -3.4e+38 -3.4e+38 -3.4e+38 -3.4e+38 -3.4e+38 -3.4e+38 -3.4e+38 -3.4e+38 -3.4e+38 -3.4e+38 -3.4e+38 -3.4e+38 -3.4e+38 -3.4e+38 -3.4e+38 -3.4e+38 -3.4e+38 -3.4e+38 -3.4e+38 7.76387643814087 6.81909084320068 7.07892036437988 6.55955600738525 6.61647796630859 7.82623815536499 7.96868848800659 6.48074054718018 6.83739709854126 5.53273105621338 5.36449241638184 5.50252485275269 5.54526805877686 7.14337301254272 7.06713819503784 7.12390327453613 6.68954420089722 6.68954420089722 6.33333349227905 7.90569400787354 6.79664945602417 6.74742746353149 6.67291355133057 11.3553705215454 6.92820310592651 6.89403915405273 6.59123992919922
-3.4e+38 -3.4e+38 -3.4e+38 -3.4e+38 -3.4e+38 -3.4e+38 -3.4e+38 -3.4e+38 -3.4e+38 -3.4e+38 -3.4e+38 -3.4e+38 -3.4e+38 -3.4e+38 -3.4e+38 -3.4e+38 -3.4e+38 -3.4e+38 -3.4e+38 -3.4e+38 -3.4e+38 -3.4e+38 -3.4e+38 7.57921123504639 7.62306451797485 7.69920635223389 7.61577320098877 7.85988426208496 7.84396457672119 7.82623815536499 7.54983425140381 7.64852905273438 8.44097137451172 6.47001647949219 5.60753440856934 7.05336809158325 6.26719856262207 8.61845588684082 7 6.49572515487671 6.62906074523926 6.20483684539795 6.20483684539795 6.67915487289429 6.34428882598877 6.97216701507568 7.04942846298218 6.8556547164917 5.52268028259277 6.72681188583374 9.27361869812012 9.31545925140381 7.54983425140381
-3.4e+38 -3.4e+38 -3.4e+38 -3.4e+38 -3.4e+38 -3.4e+38 -3.4e+38 -3.4e+38 -3.4e+38 -3.4e+38 -3.4e+38 -3.4e+38 -3.4e+38 -3.4e+38 -3.4e+38 -3.4e+38 -3.4e+38 -3.4e+38 -3.4e+38 -3.4e+38 -3.4e+38 6.62277221679688 7.90569400787354 6.98212003707886 7 6.72681188583374 6.873863697052 7.07892036437988 7.155029296875 6.94822120666504 7.6883749961853 6.94822120666504 7.57921123504639 5.0744457244873 7.05533695220947 7.72981262207031 7.95996952056885 8.4277982711792 8.6474142074585 8.54075241088867 6.65415477752686 6.30696249008179 6.18690395355225 6.20483684539795 6.54047250747681 6.60387086868286 7.155029296875 7.61577320098877 5.71790552139282 5.56776428222656 6.54047250747681 8.92717456817627 9.05691909790039
-3.4e+38 -3.4e+38 -3.4e+38 -3.4e+38 -3.4e+38 -3.4e+38 -3.4e+38 -3.4e+38 -3.4e+38 -3.4e+38 -3.4e+38 -3.4e+38 -3.4e+38 -3.4e+38 -3.4e+38 -3.4e+38 -3.4e+38 -3.4e+38 -3.4e+38 -3.4e+38 -3.4e+38 7.53510284423828 7.46287107467651 7.20146608352661 7 7.08872365951538 6.827232837677 6.92820310592651 6.92820310592651 7.08480358123779 7.28201723098755 7.47402906417847 7.38241147994995 7.3503589630127 7.5956859588623 8.4376802444458 8.65223121643066 8.67147254943848 8.7717981338501 8.7717981338501 8.62328910827637 8.61684417724609 6.69784355163574 8.73848438262939 6.63324975967407 6.79664945602417 7.54063081741333 7.44983243942261 7.32196092605591 5.76628112792969 5.52519464492798 7.54983425140381 7.25335168838501
-3.4e+38 -3.4e+38 -3.4e+38 -3.4e+38 -3.4e+38 -3.4e+38 -3.4e+38 -3.4e+38 -3.4e+38 -3.4e+38 -3.4e+38 -3.4e+38 -3.4e+38 -3.4e+38 -3.4e+38 -3.4e+38 -3.4e+38 -3.4e+38 -3.4e+38 -3.4e+38 6.74124956130981 7.12390327453613 7.12390327453613 7.53325939178467 7.87577152252197 7.03759765625 7.31436920166016 6.86375331878662 7.17828512191772 6.98212003707886 7.18988466262817 7.82268762588501 7.6883749961853 7.5 7.68114566802979 8.23103904724121 8.33666610717773 8.61361980438232 8.68907356262207 8.64259433746338 9.06917858123779 8.8709888458252 8.86002254486084 7.19567775726318 6.66041374206543 6.79664945602417 6.83942794799805 7.38241147994995 7.69740200042725 5.73246097564697 5.45690202713013 5.56776428222656 7
-3.4e+38 -3.4e+38 -3.4e+38 -3.4e+38 -3.4e+38 -3.4e+38 -3.4e+38 -3.4e+38 -3.4e+38 -3.4e+38 -3.4e+38 -3.4e+38 -3.4e+38 -3.4e+38 -3.4e+38 -3.4e+38 -3.4e+38 -3.4e+38 -3.4e+38 6.72268152236938 7.06713819503784 7.82268762588501 7.77817440032959 6.81909084320068 7.40682888031006 7.32764911651611 7.17635011672974 8.2579927444458 8.31832027435303 7.17635011672974 8.15645599365234 8.22259712219238 8.09320735931396 7.8581166267395 8.4376802444458 8.95823669433594 8.5440034866333 9.11043357849121 9.13935279846191 7.32196092605591 6.3639612197876 9.34225749969482 8.69546508789062 6.78233003616333 6.76387453079224 7.03759765625 7.25335168838501 6.80073547363281 6.67915487289429 6.66666650772095 6.69784355163574 5.27046298980713 9.16515159606934
-3.4e+38 -3.4e+38 -3.4e+38 -3.4e+38 -3.4e+38 -3.4e+38 -3.4e+38 -3.4e+38 -3.4e+38 -3.4e+38 -3.4e+38 -3.4e+38 -3.4e+38 -3.4e+38 -3.4e+38 -3.4e+38 -3.4e+38 -3.4e+38 -3.4e+38 7.01387500762939 8.25294589996338 7.77817440032959 7.84219360351562 7.85988426208496 7.22841596603394 7.87047910690308 7.29725980758667 8.21752834320068 7.99131488800049 9.81212425231934 7.68114566802979 8.19213676452637 8.33666610717773 10.4216651916504 11.7130031585693 11.7945375442505 9.21954441070557 9.53210926055908 11.1964778900146 11.9489660263062 8.9178352355957 10.2469511032104 7.39932441711426 9.44869232177734 9.01541900634766 7.36168766021729 7.55718946456909 6.18465852737427 7.12000322341919 7.52957153320312 7.43490266799927 6.873863697052 9.77241039276123
-3.4e+38 -3.4e+38 -3.4e+38 -3.4e+38 -3.4e+38 -3.4e+38 -3.4e+38 -3.4e+38 -3.4e+38 -3.4e+38 -3.4e+38 -3.4e+38 -3.4e+38 -3.4e+38 -3.4e+38 -3.4e+38 -3.4e+38 -3.4e+38 -3.4e+38 11.7579755783081 11.6165590286255 13.2382020950317 13.2612638473511 12.1426706314087 10.8448657989502 9.96242904663086 11.1030530929565 11.4467363357544 12.9239225387573 11.9454784393311 11.8848638534546 12.3637018203735 11.5974130630493 11.842719078064 11.7898263931274 12.457706451416 12.3389625549316 11.9373359680176 11.8860330581665 11.2150688171387 9.13023090362549 11.4017543792725 11.7130031585693 9.44869232177734 9.01387786865234 6.97814035415649 6.53409862518311 7.12390327453613 6.75976657867432 10.4854393005371 10.1707639694214 10.3198833465576 10.908712387085
-3.4e+38 -3.4e+38 -3.4e+38 -3.4e+38 -3.4e+38 -3.4e+38 -3.4e+38 -3.4e+38 -3.4e+38 -3.4e+38 -3.4e+38 -3.4e+38 -3.4e+38 -3.4e+38 -3.4e+38 -3.4e+38 -3.4e+38 -3.4e+38 -3.4e+38 -3.4e+38 -3.4e+38 -3.4e+38 -3.4e+38 -3.4e+38 11.0164022445679 11.0227041244507 12.5996026992798 11.8110122680664 12.7082653045654 12.0519704818726 11.9070472717285 11.8532695770264 11.399317741394 11.8930416107178 12.6502084732056 11.8930416107178 12.5410432815552 11.6559476852417 12.5996026992798 13.0490531921387 10.8755588531494 11.508451461792 13.4763164520264 12.3164300918579 11.6404466629028 6.66041374206543 6.70820379257202 7.22457218170166 9.62346649169922 10.9328756332397 10.7251005172729 9.74679470062256 11.3222990036011
-3.4e+38 -3.4e+38 -3.4e+38 -3.4e+38 -3.4e+38 -3.4e+38 -3.4e+38 -3.4e+38 -3.4e+38 -3.4e+38 -3.4e+38 -3.4e+38 -3.4e+38 -3.4e+38 -3.4e+38 -3.4e+38 -3.4e+38 -3.4e+38 -3.4e+38 -3.4e+38 6.78437757492065 7.82623815536499 7.65034484863281 7.89162683486938 8.58778190612793 8.1394100189209 8.67627716064453 11.3468055725098 11.6726179122925 9.23008346557617 8.31330966949463 8.4277982711792 8.61845588684082 9.41777324676514 8.61845588684082 9.2526273727417 12.6469144821167 13.157169342041 12.3895120620728 12.9561223983765 12.9593381881714 13.0671339035034 12.3265743255615 13.3322916030884 9.0798921585083 6.81909084320068 6.82112741470337 7.42929649353027 10.6432037353516 11.2187833786011 11 10.6314525604248 10.7238054275513
-3.4e+38 -3.4e+38 -3.4e+38 -3.4e+38 -3.4e+38 -3.4e+38 -3.4e+38 -3.4e+38 -3.4e+38 -3.4e+38 -3.4e+38 -3.4e+38 -3.4e+38 -3.4e+38 -3.4e+38 -3.4e+38 -3.4e+38 -3.4e+38 7.73699617385864 7.65034484863281 8.12574768066406 7.77817440032959 7.99131488800049 7.89162683486938 8.32833194732666 8.13087368011475 8.43274021148682 8.95823669433594 10.3856201171875 11.5698366165161 11.4345970153809 9.15150260925293 8.45740985870361 8.5 8.64580821990967 9.28858280181885 11.1467485427856 11.6189498901367 11.2224969863892 13.2863759994507 13.4329614639282 12.7867116928101 12.7475490570068 13.4350290298462 12.7649698257446 9.83615779876709 10.8563861846924 10.9290637969971 11.9070472717285 11.9687089920044 11.0654621124268 10.5251026153564 10.5237827301025
6.98212003707886 6.69784355163574 9.97218322753906 6.37268495559692 6.55955600738525 6.07819414138794 5.76868963241577 6.60387086868286 9.0615177154541 -3.4e+38 -3.4e+38 -3.4e+38 -3.4e+38 -3.4e+38 -3.4e+38 -3.4e+38 7.45728588104248 7.95298671722412 7.46659231185913 10.6418981552124 10.7935161590576 8.17176723480225 8.60878086090088 8.12574768066406 8.44755077362061 9.12109851837158 8.83804893493652 9.21954441070557 9.15757083892822 9.4133472442627 8.82389450073242 11.6619033813477 12.2065553665161 11.2249717712402 11.3443574905396 8.6474142074585 11.0880317687988 11.0805130004883 11.5974130630493 12.3130464553833 12.3333330154419 13.509256362915 12.5598564147949 12.7257394790649 13.5554418563843 13.5963640213013 12.5299644470215 11.8321599960327 10.4283266067505 12.3288278579712 10.3319892883301 12.5 11.6952028274536
7.155029296875 6.86375331878662 10.129714012146 6.83739709854126 6.01618194580078 6.23386812210083 6.27384328842163 6.76592779159546 6.53834819793701 7.05336809158325 5.9884147644043 6.98212003707886 7.01783418655396 9.54521369934082 9.51314926147461 7.36168766021729 7.63398838043213 7.79066371917725 7.95473289489746 7.85988426208496 8.74642753601074 7.61577320098877 8.04673862457275 8.95823669433594 8.75277709960938 8.43274021148682 8.7717981338501 9.43545341491699 9.23008346557617 9.68245792388916 9.42661762237549 9.12414360046387 11.5301532745361 13.0394697189331 10.9519147872925 11.6404466629028 12.4007167816162 12.4610500335693 12.7060794830322 12.6600856781006 12.6469144821167 14.8333330154419 13.7699346542358 14.0978717803955 12.6293306350708 13.9283885955811 12.6304302215576 13.7578258514404 12.1255006790161 11.2632637023926 11.357816696167 11.6952028274536 11.9559373855591
6.77823305130005 6.70820379257202 6.53834819793701 6.31356573104858 6.19363451004028 6 6.8556547164917 7.57371187210083 7.26291942596436 7.04942846298218 6.97814035415649 7.10828924179077 7.30486917495728 9.18483066558838 9.37786960601807 7.36545991897583 7.75313568115234 7.76387643814087 8.72894287109375 8.64580821990967 8.17006778717041 8.36826038360596 7.71002244949341 8.67147254943848 8.71779823303223 9.23459720611572 9.37342548370361 9.54521369934082 9.62346649169922 10.1118745803833 10.0124921798706 9.3541431427002 12.104866027832 11.9105463027954 12.8354978561401 12.2270193099976 12.360330581665 11.9210367202759 12.6688594818115 12.7845392227173 12.6194295883179 12.3592071533203 12.0415945053101 12.580849647522 15.2870674133301 13.3145704269409 12.6929550170898 12.9400329589844 12.1358060836792 12.594090461731 12.7964839935303 11.5698366165161 12.4197425842285
6.96419429779053 6.18690395355225 6.873863697052 7.49629545211792 6.81501626968384 7.03759765625 7.32764911651611 6.61017751693726 6.57647323608398 7.36168766021729 7 7.5166482925415 7.32196092605591 9.37342548370361 11.5974130630493 9.65804195404053 7.48331499099731 7.84396457672119 7.54983425140381 8.74801540374756 8.66666698455811 8.88506889343262 8.72894287109375 9.02927303314209 8.86159038543701 9.4310359954834 9.58876705169678 9.89949512481689 10.3333330154419 10.1118745803833 10.1379375457764 10.1091270446777 9.69536018371582 12.594090461731 12.5077753067017 12.4398555755615 12.360330581665 12.6589889526367 12.7027997970581 13.1339254379272 12.6688594818115 12.4298028945923 12.3592071533203 12.5077753067017 14.2779941558838 12.7671451568604 14.9248113632202 13.7487373352051 13.0968618392944 12.709358215332 12.9711217880249 13.720422744751 13.824294090271
6.22048568725586 7.31436920166016 7.40682888031006 7.17247819900513 7.83333349227905 7.53325939178467 6.5 6.30696249008179 6.30696249008179 6.80277729034424 7.21110248565674 6.98212003707886 9.64509105682373 7.25335168838501 9.53939247131348 10.6822805404663 10.6822805404663 8.55537509918213 8.84590339660645 9.48683261871338 9.47364807128906 8.84590339660645 8.68907356262207 9.13783359527588 9.67097568511963 10.22252368927 9.48390483856201 10.0498752593994 10.0498752593994 10.4336528778076 10.3816080093384 10.5948104858398 9.84885787963867 12.360330581665 13.7790098190308 12.3995971679688 12.3995971679688 12.8722352981567 13.0010681152344 12.839825630188 14.7911386489868 13.0106792449951 15.3251791000366 14.4913768768311 13.9731884002686 13.9682178497314 15.2297220230103 15.0913887023926 15.0009260177612 12.8495569229126 12.9689798355103 12.7682332992554 12.7322864532471
6.98410892486572 6.55320119857788 6.87588357925415 7.40682888031006 8.16666698455811 7.16085052490234 6.83942794799805 6.30696249008179 7.69740200042725 7.92849969863892 7.933753490448 7.29916286468506 7.34846925735474 7.5018515586853 7.16085052490234 9.78661251068115 10.8678932189941 10.7004671096802 10.9772491455078 8.92250633239746 10.1502599716187 8.84590339660645 8.70025539398193 9.18483066558838 8.94582462310791 9.97496891021729 9.18029308319092 8.88037776947021 9.80362701416016 10.3440799713135 10.2956304550171 11.9373359680176 12.9325170516968 12.4074354171753 12.0807466506958 12.3995971679688 12.8819427490234 12.9206981658936 14.4693164825439 14.7233753204346 15.7797336578369 14.9916639328003 15.4838628768921 14.186261177063 14.6458187103271 14.1018123626709 13.5748949050903 14.6865396499634 13.9712009429932 15.0083312988281 15.1061058044434 13.0586280822754 13.280101776123
