sd_MH.asc
NCOLS 427 
NROWS 362 
XLLCORNER -9.541666667 
YLLCORNER 36 
CELLSIZE 0.0416666666674473 
NODATA_value -3.4e+38 
[rows 50 to 74 of 362, columns 112 to 167 of 427]
-3.4e+38 -3.4e+38 -3.4e+38 -3.4e+38 -3.4e+38 -3.4e+38 -3.4e+38 -3.4e+38 -3.4e+38 -3.4e+38 -3.4e+38 -3.4e+38 -3.4e+38 -3.4e+38 -3.4e+38 -3.4e+38 -3.4e+38 -3.4e+38 -3.4e+38 -3.4e+38 -3.4e+38 -3.4e+38 -3.4e+38 -3.4e+38 -3.4e+38 -3.4e+38 -3.4e+38 -3.4e+38 -3.4e+38 -3.4e+38 -3.4e+38 -3.4e+38 -3.4e+38 -3.4e+38 -3.4e+38 -3.4e+38 -3.4e+38 -3.4e+38 -3.4e+38 -3.4e+38 -3.4e+38 -3.4e+38 -3.4e+38 -3.4e+38 -3.4e+38 -3.4e+38 -3.4e+38 -3.4e+38 -3.4e+38 -3.4e+38 -3.4e+38 -3.4e+38 -3.4e+38 -3.4e+38 -3.4e+38 -3.4e+38
-3.4e+38 -3.4e+38 -3.4e+38 -3.4e+38 -3.4e+38 -3.4e+38 -3.4e+38 -3.4e+38 -3.4e+38 -3.4e+38 -3.4e+38 -3.4e+38 -3.4e+38 -3.4e+38 -3.4e+38 -3.4e+38 -3.4e+38 -3.4e+38 -3.4e+38 -3.4e+38 -3.4e+38 -3.4e+38 -3.4e+38 -3.4e+38 -3.4e+38 -3.4e+38 -3.4e+38 -3.4e+38 -3.4e+38 -3.4e+38 -3.4e+38 -3.4e+38 -3.4e+38 -3.4e+38 -3.4e+38 -3.4e+38 -3.4e+38 -3.4e+38 -3.4e+38 -3.4e+38 -3.4e+38 -3.4e+38 -3.4e+38 -3.4e+38 -3.4e+38 -3.4e+38 -3.4e+38 -3.4e+38 -3.4e+38 -3.4e+38 -3.4e+38 -3.4e+38 -3.4e+38 -3.4e+38 -3.4e+38 -3.4e+38
-3.4e+38 -3.4e+38 -3.4e+38 -3.4e+38 -3.4e+38 -3.4e+38 -3.4e+38 -3.4e+38 -3.4e+38 -3.4e+38 -3.4e+38 -3.4e+38 -3.4e+38 -3.4e+38 -3.4e+38 -3.4e+38 -3.4e+38 -3.4e+38 -3.4e+38 -3.4e+38 -3.4e+38 -3.4e+38 -3.4e+38 -3.4e+38 -3.4e+38 -3.4e+38 -3.4e+38 -3.4e+38 -3.4e+38 -3.4e+38 -3.4e+38 -3.4e+38 -3.4e+38 -3.4e+38 -3.4e+38 -3.4e+38 -3.4e+38 -3.4e+38 -3.4e+38 -3.4e+38 -3.4e+38 -3.4e+38 -3.4e+38 -3.4e+38 -3.4e+38 -3.4e+38 -3.4e+38 -3.4e+38 -3.4e+38 -3.4e+38 -3.4e+38 -3.4e+38 -3.4e+38 -3.4e+38 -3.4e+38 -3.4e+38
-3.4e+38 -3.4e+38 -3.4e+38 -3.4e+38 -3.4e+38 -3.4e+38 -3.4e+38 -3.4e+38 -3.4e+38 -3.4e+38 -3.4e+38 -3.4e+38 -3.4e+38 -3.4e+38 -3.4e+38 -3.4e+38 -3.4e+38 -3.4e+38 -3.4e+38 -3.4e+38 -3.4e+38 -3.4e+38 -3.4e+38 -3.4e+38 -3.4e+38 -3.4e+38 -3.4e+38 -3.4e+38 -3.4e+38 -3.4e+38 -3.4e+38 -3.4e+38 -3.4e+38 -3.4e+38 -3.4e+38 -3.4e+38 -3.4e+38 -3.4e+38 -3.4e+38 17.7693557739258 -3.4e+38 18.487232208252 18.5097579956055 -3.4e+38 -3.4e+38 -3.4e+38 -3.4e+38 -3.4e+38 -3.4e+38 -3.4e+38 -3.4e+38 -3.4e+38 -3.4e+38 -3.4e+38 -3.4e+38 -3.4e+38
-3.4e+38 -3.4e+38 -3.4e+38 -3.4e+38 -3.4e+38 -3.4e+38 -3.4e+38 -3.4e+38 -3.4e+38 -3.4e+38 -3.4e+38 -3.4e+38 -3.4e+38 -3.4e+38 -3.4e+38 -3.4e+38 -3.4e+38 -3.4e+38 -3.4e+38 -3.4e+38 -3.4e+38 -3.4e+38 -3.4e+38 -3.4e+38 -3.4e+38 -3.4e+38 -3.4e+38 -3.4e+38 -3.4e+38 -3.4e+38 -3.4e+38 -3.4e+38 13.562611579895 14.0336894989014 13.9741821289062 -3.4e+38 15.4200448989868 16.523551940918 16.1743965148926 17.6564426422119 18.0554695129395 18.063159942627 18.4797191619873 18.7757225036621 18.4187412261963 -3.4e+38 -3.4e+38 -3.4e+38 -3.4e+38 -3.4e+38 -3.4e+38 -3.4e+38 -3.4e+38 -3.4e+38 -3.4e+38 -3.4e+38
-3.4e+38 -3.4e+38 -3.4e+38 -3.4e+38 -3.4e+38 -3.4e+38 -3.4e+38 -3.4e+38 -3.4e+38 -3.4e+38 -3.4e+38 -3.4e+38 -3.4e+38 -3.4e+38 -3.4e+38 -3.4e+38 -3.4e+38 -3.4e+38 -3.4e+38 -3.4e+38 -3.4e+38 -3.4e+38 -3.4e+38 -3.4e+38 -3.4e+38 -3.4e+38 -3.4e+38 -3.4e+38 -3.4e+38 -3.4e+38 -3.4e+38 12.8040790557861 11.050389289856 12.9807548522949 13.7214345932007 14.3797693252563 14.0663108825684 15.64537525177 16.7332000732422 17.6831684112549 17.7677917480469 17.951322555542 18.4526424407959 18.3983688354492 18.2923793792725 -3.4e+38 -3.4e+38 -3.4e+38 -3.4e+38 -3.4e+38 -3.4e+38 -3.4e+38 -3.4e+38 -3.4e+38 -3.4e+38 -3.4e+38
-3.4e+38 -3.4e+38 -3.4e+38 -3.4e+38 -3.4e+38 -3.4e+38 -3.4e+38 -3.4e+38 -3.4e+38 -3.4e+38 -3.4e+38 -3.4e+38 -3.4e+38 -3.4e+38 -3.4e+38 -3.4e+38 -3.4e+38 -3.4e+38 -3.4e+38 -3.4e+38 -3.4e+38 -3.4e+38 -3.4e+38 -3.4e+38 -3.4e+38 -3.4e+38 -3.4e+38 -3.4e+38 -3.4e+38 -3.4e+38 -3.4e+38 10.6822805404663 11.050389289856 12.9807548522949 14.0099172592163 14.2779941558838 13.9413452148438 15.183141708374 16.192419052124 16.3554267883301 17.4220485687256 17.7302322387695 17.7419776916504 18.4962463378906 18.7179355621338 18.7179355621338 -3.4e+38 -3.4e+38 -3.4e+38 -3.4e+38 -3.4e+38 -3.4e+38 -3.4e+38 -3.4e+38 -3.4e+38 -3.4e+38
-3.4e+38 -3.4e+38 -3.4e+38 -3.4e+38 -3.4e+38 -3.4e+38 -3.4e+38 -3.4e+38 -3.4e+38 -3.4e+38 -3.4e+38 -3.4e+38 -3.4e+38 -3.4e+38 -3.4e+38 -3.4e+38 -3.4e+38 7.76387643814087 8.03118896484375 7.74596691131592 7.69740200042725 7.81735944747925 -3.4e+38 -3.4e+38 8.21245670318604 8.40799903869629 8.33666610717773 8.93028545379639 9.38675212860107 -3.4e+38 -3.4e+38 11.0390720367432 10.8793888092041 13.152946472168 12.9529066085815 13.7820329666138 14.3855638504028 14.0356683731079 15.1226463317871 16.4249134063721 16.4249134063721 17.2538242340088 17.4722003936768 18.4864807128906 17.9868774414062 18.1590194702148 18.1115379333496 19.078784942627 -3.4e+38 -3.4e+38 -3.4e+38 -3.4e+38 -3.4e+38 -3.4e+38 -3.4e+38 -3.4e+38
-3.4e+38 -3.4e+38 -3.4e+38 -3.4e+38 -3.4e+38 -3.4e+38 -3.4e+38 -3.4e+38 -3.4e+38 -3.4e+38 -3.4e+38 6.98212003707886 7.18988466262817 7.28010988235474 7.45728588104248 7.23033714294434 7.23033714294434 7.12390327453613 7.44050455093384 7.54615449905396 7.63944435119629 7.63944435119629 7.87047910690308 7.93900346755981 8.07946681976318 8.07946681976318 7.96868848800659 8.70025539398193 8.913161277771 9.46191215515137 9.4310359954834 9.68245792388916 10.1625671386719 11.3333330154419 11.0880317687988 13.3041343688965 13.3270816802979 14.5640344619751 14.1155939102173 15.0536079406738 15.7990856170654 16.7812728881836 16.8522987365723 17.1690940856934 17.7043628692627 17.5055541992188 17.7537155151367 18.1000308990479 18.0677738189697 -3.4e+38 -3.4e+38 -3.4e+38 -3.4e+38 -3.4e+38 -3.4e+38 -3.4e+38
-3.4e+38 -3.4e+38 -3.4e+38 -3.4e+38 -3.4e+38 -3.4e+38 -3.4e+38 7.25335168838501 7.65034484863281 8.17686462402344 7.90217971801758 7.08872365951538 7.38241147994995 7.17635011672974 7.14142847061157 6.8556547164917 6.94222164154053 6.80277729034424 7.04351568222046 7.41245222091675 7.80135297775269 7.69740200042725 7.88634538650513 7.77817440032959 7.96868848800659 7.96868848800659 8.07946681976318 8.47709369659424 8.67467594146729 8.73371505737305 9.08448028564453 8.9721794128418 9.65372657775879 10.1830472946167 11.3956623077393 11.1018018722534 11.3137083053589 11.6595220565796 13.462911605835 14.8136577606201 14.31005859375 16.0779342651367 15.0166578292847 16.8671283721924 16.9443531036377 17.3333339691162 17.3068714141846 17.4650440216064 17.321310043335 -3.4e+38 -3.4e+38 -3.4e+38 -3.4e+38 -3.4e+38 -3.4e+38 -3.4e+38
-3.4e+38 -3.4e+38 -3.4e+38 -3.4e+38 7.08872365951538 6.95421552658081 7.10633516311646 7.10633516311646 6.95421552658081 7.37299871444702 7.35602569580078 7.58287525177002 7.08480358123779 6.85160160064697 6.73506593704224 6.68954420089722 6.75359964370728 6.68954420089722 6.96020412445068 6.74742746353149 6.80073547363281 7.01783418655396 7.6883749961853 7.57921123504639 7.5166482925415 7.77996015548706 7.5901985168457 7.87577152252197 7.85988426208496 8.60232543945312 7.99131488800049 7.96868848800659 7.96868848800659 8.73212432861328 9.5655632019043 11 10.125599861145 11.4649219512939 11.4285221099854 13.6605672836304 14.3042335510254 14.7394027709961 14.5172309875488 15.4497394561768 15.3550567626953 16.4274501800537 15.927788734436 15.6843872070312 15.6373844146729 16.1227931976318 15.867506980896 -3.4e+38 -3.4e+38 -3.4e+38 -3.4e+38 15.8981132507324
-3.4e+38 -3.4e+38 -3.4e+38 7.05533695220947 7.35602569580078 7.22457218170166 7.53510284423828 6.74124956130981 6.96020412445068 6.86375331878662 7.24568843841553 7.03759765625 7.31626796722412 6.73506593704224 7.02574634552002 6.67915487289429 6.62906074523926 6.60387086868286 6.99007225036621 6.43773603439331 6.54047250747681 7.04351568222046 7.00793218612671 7.09068250656128 6.92820310592651 7.5166482925415 7.34846925735474 7.5627007484436 7.69920635223389 7.74596691131592 8.79077816009521 8.73212432861328 7.90569400787354 8.49182605743408 9.09822940826416 9.24361610412598 9.04310703277588 10.0871200561523 9.70538234710693 11.4358110427856 13.416407585144 14.6496114730835 14.2916059494019 14.7309198379517 14.773286819458 14.4289445877075 14.3652744293213 14.6410760879517 14.7648229598999 15.6053762435913 15.7003183364868 16.900032043457 -3.4e+38 16.7539386749268 16.0710220336914 15.716233253479
-3.4e+38 -3.4e+38 -3.4e+38 7.17247819900513 7.04942846298218 7.11414861679077 7.6883749961853 6.89202451705933 6.80889940261841 7.23033714294434 7.71002244949341 7.39556932449341 6.87588357925415 6.55743837356567 6.84551763534546 6.4247784614563 6.67915487289429 6.65415477752686 6.62906074523926 6.59755849838257 6.46357297897339 6.58491563796997 6.83333349227905 7.98435974121094 8.40304183959961 8.45248126983643 8.94582462310791 9.02927303314209 8.83176040649414 9.01541900634766 9.16211986541748 9.4663143157959 10.2034854888916 9.48683261871338 8.12574768066406 8.68587589263916 9.07530212402344 8.6039400100708 8.93184089660645 9.67528343200684 10.7238054275513 13.3114404678345 13.9054346084595 13.1540021896362 11.1666669845581 13.3614282608032 14.4318323135376 14.7290344238281 14.7054414749146 14.6410760879517 15.0702056884766 15.4847593307495 15.8543720245361 15.9539270401001 15.8701324462891 16.0234203338623
-3.4e+38 -3.4e+38 7.28010988235474 7.14142847061157 7.64489650726318 7.06713819503784 6.81909084320068 7.21110248565674 6.9061164855957 6.80889940261841 7.10828924179077 7.39556932449341 7.77817440032959 6.55320119857788 6.87588357925415 6.86982107162476 7.06124019622803 7.31057071685791 6.67083215713501 6.55743837356567 8.09492301940918 7.45728588104248 8.09492301940918 9.16515159606934 9.54957866668701 9.39562511444092 9.09364891052246 7.75313568115234 8.01734256744385 8.86002254486084 8.79551696777344 8.47217655181885 9.66235542297363 9.7780933380127 9.51022815704346 9.36897945404053 9.74821949005127 9.23008346557617 10 10.0013885498047 9.32737922668457 10.7935161590576 10.6510305404663 13.2266569137573 10.7289848327637 13.275918006897 13.0298805236816 14.2604742050171 14.2692365646362 14.2925777435303 14.807092666626 15.0203561782837 15.0867862701416 16.0995178222656 16.1640892028809 15.4901399612427
-3.4e+38 -3.4e+38 6.89202451705933 6.873863697052 7.38993310928345 7.14142847061157 7.14142847061157 6.81909084320068 6.83942794799805 6.61437845230103 6.71027421951294 6.73506593704224 6.66666650772095 6.44420480728149 6.32016181945801 6.20483684539795 6.32016181945801 6.43773603439331 6.39226961135864 6.75359964370728 7.79422855377197 9.07071018218994 9.51314926147461 9.66666698455811 9.65372657775879 9.26012992858887 9.2526273727417 8.56997299194336 7.64489650726318 7.41619825363159 7.63216876983643 8.06914520263672 7.92148971557617 7.72981262207031 7.95298671722412 8.81444549560547 9.93450736999512 10.3292999267578 9.59311103820801 9.80787658691406 9.91351509094238 9.82344150543213 9.23459720611572 10.965856552124 10.1488914489746 10.7948036193848 13.045859336853 14.1813650131226 14.0099172592163 13.2140493392944 13.3614282608032 14.697883605957 14.8529834747314 15.6400480270386 15.0702056884766 14.9331846237183
-3.4e+38 -3.4e+38 6.84551763534546 6.85160160064697 6.87588357925415 6.98212003707886 6.85160160064697 -3.4e+38 -3.4e+38 -3.4e+38 6.87588357925415 6.54683971405029 6.48074054718018 6.56590509414673 6.39878463745117 6.13278961181641 6.20483684539795 6.32016181945801 7.63398838043213 9.40449047088623 8.6039400100708 9.39562511444092 9.69249439239502 9.16211986541748 9.1923885345459 9.30650901794434 8.84747314453125 7.73160886764526 6.96419429779053 7.5018515586853 7.72621822357178 7.60664892196655 7.80669212341309 8.18704986572266 7.84219360351562 8.68907356262207 10.345422744751 10.1543645858765 9.64365100860596 9.72682476043701 9.43545341491699 10.2034854888916 9.40744400024414 10.6978712081909 10.6822805404663 10.9633226394653 11.0955448150635 11.6630945205688 11.1579570770264 13.5318555831909 13.1053428649902 13.6453084945679 13.5277490615845 14.8828763961792 14.4202785491943 14.7431716918945
-3.4e+38 -3.4e+38 -3.4e+38 -3.4e+38 -3.4e+38 -3.4e+38 -3.4e+38 6.48074054718018 -3.4e+38 -3.4e+38 -3.4e+38 -3.4e+38 -3.4e+38 -3.4e+38 6.42261648178101 6.14410305023193 5.86893892288208 6.26719856262207 6.96618795394897 8.80025291442871 7.29725980758667 7.5018515586853 6.96020412445068 8.39642810821533 8.61684417724609 8.01734256744385 7.34468841552734 6.91817235946655 6.47645330429077 7.10242509841919 7.5901985168457 7.3503589630127 7.79422855377197 7.79422855377197 7.58470678329468 8.10006904602051 8.8034086227417 10.055401802063 9.5 8.83176040649414 8.61845588684082 9.02003955841064 9.00154304504395 10.4283266067505 10.9671230316162 10.7948036193848 10.8512668609619 13.0958003997803 10.9519147872925 11.5698366165161 13.5287761688232 14.4520282745361 13.6473436355591 13.9283885955811 12.4298028945923 15.1162166595459
-3.4e+38 -3.4e+38 -3.4e+38 -3.4e+38 -3.4e+38 -3.4e+38 6.73506593704224 6.65415477752686 6.48074054718018 6.22718048095703 6.50854158401489 6.05759382247925 6.22718048095703 6.35303974151611 6.11918640136719 5.80947494506836 6.1599063873291 6.62906074523926 6.13958024978638 5.95352363586426 5.91607999801636 6.10327768325806 6.74536895751953 7.94425010681152 7.38429260253906 7.69740200042725 7.37299871444702 6.53409862518311 6.73506593704224 6.98410892486572 7.29345226287842 7.31057071685791 7.24568843841553 7.82801246643066 8.1394100189209 8.84590339660645 9.11195755004883 8.8034086227417 8.67147254943848 8.66185760498047 9.24662113189697 9.30053806304932 9.03849792480469 9.79795932769775 9.90089797973633 9.90089797973633 10.0843667984009 11.050389289856 12.9325170516968 11.3026542663574 11.0917882919312 14.6068859100342 14.5 14.7309198379517 14.9499168395996 14.3565702438354
-3.4e+38 -3.4e+38 -3.4e+38 -3.4e+38 -3.4e+38 -3.4e+38 -3.4e+38 -3.4e+38 6.25388765335083 -3.4e+38 -3.4e+38 6.04152297973633 6.04152297973633 6.39226961135864 7.41807079315186 7.8810601234436 6.06446838378906 6.07133531570435 5.754225730896 6.10327768325806 6.30035257339478 6.27384328842163 6.30035257339478 6.18690395355225 6.0369234085083 7.34468841552734 7.0316743850708 6.46357297897339 6.50213623046875 6.58491563796997 6.827232837677 7.72621822357178 7.933753490448 8.88037776947021 9.05231666564941 8.9442720413208 8.88037776947021 8.67627716064453 8.19722175598145 8.36660003662109 8.32165813446045 8.86159038543701 8.67467594146729 9.61769199371338 9.65660381317139 10.3198833465576 10.4880886077881 10.5921878814697 13.1349830627441 13.3135271072388 11.399317741394 13.6198387145996 11.8086595535278 14.6239910125732 14.6865396499634 14.3536682128906
-3.4e+38 -3.4e+38 -3.4e+38 -3.4e+38 -3.4e+38 -3.4e+38 -3.4e+38 -3.4e+38 -3.4e+38 -3.4e+38 -3.4e+38 -3.4e+38 -3.4e+38 -3.4e+38 6 6.71648073196411 6.83942794799805 7.83333349227905 6.43773603439331 5.84760141372681 5.80947494506836 6.06217765808105 6.14410305023193 6.15313816070557 6.0369234085083 6.12372446060181 6.12599182128906 6.47001647949219 6.873863697052 8.51142978668213 8.7765474319458 8.45576763153076 9.08448028564453 9.65804195404053 9.26612663269043 9.51022815704346 9.23910808563232 8.70982837677002 8.63133811950684 8.6474142074585 9.12414360046387 9.75249290466309 9.01387786865234 9.23910808563232 10.6301460266113 12.5410432815552 12.8937969207764 10.4016561508179 12.9786148071289 13.9890832901001 13.1064023971558 14.0425939559937 13.3832397460938 14.6666669845581 14.4865837097168 15.0314483642578
-3.4e+38 -3.4e+38 -3.4e+38 -3.4e+38 -3.4e+38 -3.4e+38 -3.4e+38 -3.4e+38 -3.4e+38 -3.4e+38 -3.4e+38 -3.4e+38 -3.4e+38 -3.4e+38 5.92546272277832 5.7251877784729 6.34647750854492 6.44204950332642 7 7.16666650772095 6.81909084320068 8.48528099060059 8.04328536987305 7.2877368927002 6.93621730804443 7.91798257827759 7.95298671722412 8.49182605743408 8.46725749969482 8.57969188690186 8.28318214416504 8.28318214416504 8.3831844329834 8.59909534454346 8.61684417724609 8.62811946868896 9.5655632019043 10.2591419219971 9.57136917114258 9.41777324676514 9.68819427490234 10.3333330154419 8.57321453094482 10.4163331985474 10.5132188796997 12.5499000549316 10.5132188796997 10.6770782470703 12.7747583389282 13.6727628707886 12.5310726165771 14.6296882629395 14.2604742050171 13.9194107055664 14.3681745529175 14.9341144561768
-3.4e+38 -3.4e+38 -3.4e+38 -3.4e+38 -3.4e+38 -3.4e+38 -3.4e+38 -3.4e+38 -3.4e+38 -3.4e+38 -3.4e+38 6.02310371398926 -3.4e+38 -3.4e+38 5.7251877784729 6.72887659072876 8.1615629196167 7.79066371917725 6.40312433242798 7.28010988235474 7.40682888031006 7.41807079315186 8.04846477508545 7.12585258483887 6.62277221679688 7.01783418655396 7.37299871444702 8.30829524993896 8.501633644104 7.82623815536499 8.38815307617188 8.36660003662109 8.47217655181885 8.35164642333984 8.67147254943848 9.44869232177734 9.47071552276611 8.69067192077637 9.40005874633789 8.57321453094482 8.86002254486084 9.32886791229248 8.9162769317627 9 10.3695602416992 12.4844350814819 12.640323638916 12.7191896438599 10.4655523300171 12.7519063949585 13.8092155456543 14.0039672851562 13.5287761688232 13.8031797409058 14.3961801528931 14.0959014892578
-3.4e+38 -3.4e+38 -3.4e+38 -3.4e+38 -3.4e+38 6.30696249008179 6.23386812210083 6.04152297973633 6.49572515487671 6.14636278152466 5.77590799331665 6.11918640136719 6.02079725265503 5.71790552139282 6.72887659072876 6.48930740356445 7.34846925735474 7.46845197677612 6.58491563796997 7.23033714294434 7.28010988235474 6.72681188583374 7.10633516311646 6.80277729034424 7.38993310928345 8.51469326019287 8.39808177947998 8.30327892303467 8.24621105194092 8.27647304534912 8.02253723144531 7.36734533309937 8.29825973510742 8.01734256744385 7.95473289489746 8.12403869628906 8.68107795715332 8.69067192077637 8.22259712219238 8.2915620803833 8.24284172058105 8.61684417724609 8.64259433746338 9.07530212402344 9.01541900634766 10.5092554092407 12.3085336685181 10.4296588897705 10.5052900314331 12.5874719619751 12.7867116928101 14.0751953125 13.9014387130737 13.7840490341187 13.824294090271 14.4462604522705
-3.4e+38 -3.4e+38 -3.4e+38 -3.4e+38 -3.4e+38 -3.4e+38 6.1644139289856 5.99536848068237 6.20483684539795 6.29373598098755 5.99536848068237 6.53409862518311 6.57647323608398 7.09655618667603 7.92324304580688 8.04846477508545 7.91798257827759 6.68954420089722 5.93717098236084 6.33990907669067 6.44204950332642 6.62277221679688 7.31436920166016 7.17247819900513 7.26483154296875 7.54983425140381 7.61212491989136 8.45740985870361 8.07946681976318 8.3066234588623 8.501633644104 8.24621105194092 6.96419429779053 7.64489650726318 7.00198364257812 7.69740200042725 7.37299871444702 7.71542453765869 7.77460241317749 8.08462142944336 7.96868848800659 8.5293607711792 8.5 8.81759643554688 8.93184089660645 10.125599861145 9.85449695587158 10.3077640533447 10.4456262588501 12.340087890625 12.3973560333252 13.3364582061768 13.8061981201172 13.4081239700317 14.1960477828979 14.6552982330322
-3.4e+38 -3.4e+38 -3.4e+38 -3.4e+38 -3.4e+38 -3.4e+38 -3.4e+38 -3.4e+38 -3.4e+38 -3.4e+38 6.23386812210083 6.02310371398926 6.43126058578491 7.2877368927002 6.98212003707886 7.44050455093384 7.12585258483887 6.02079725265503 5.87603425979614 5.99536848068237 5.93717098236084 6.14410305023193 6.94222164154053 6.68954420089722 6.94222164154053 7.7477593421936 7.65034484863281 7.94425010681152 7.82801246643066 7.29725980758667 8.24284172058105 7.39556932449341 7.12585258483887 7.17247819900513 7.05336809158325 7.06124019622803 7.81735944747925 7.63216876983643 8.01560974121094 8.10006904602051 7.93900346755981 7.92148971557617 8.61845588684082 9.68245792388916 9.74679470062256 10.2279577255249 9.81212425231934 9.88826465606689 9.79795932769775 12.3906326293945 12.2983741760254 12.4398555755615 12.4710779190063 13.5369863510132 13.6839323043823 14.2107162475586
