sd_MH.asc
NCOLS 427 
NROWS 362 
XLLCORNER -9.541666667 
YLLCORNER 36 
CELLSIZE 0.0416666666674473 
NODATA_value -3.4e+38 
[rows 250 to 274 of 362, columns 0 to 55 of 427]
-3.4e+38 -3.4e+38 -3.4e+38 -3.4e+38 -3.4e+38 -3.4e+38 -3.4e+38 -3.4e+38 -3.4e+38 -3.4e+38 -3.4e+38 -3.4e+38 -3.4e+38 -3.4e+38 -3.4e+38 -3.4e+38 -3.4e+38 -3.4e+38 -3.4e+38 19.3584613800049 19.7420864105225 19.4193496704102 17.7748260498047 15.8096313476562 18.8348083496094 20.3701858520508 20.2182540893555 17.5174522399902 15.5759782791138 14.3652744293213 15.5563488006592 15.5035839080811 16.2796745300293 19.1100616455078 17.8939781188965 14.3594722747803 14.1960477828979 13.955286026001 13.3697423934937 13.648362159729 13.6392002105713 12.8840990066528 13.1719398498535 11.5878286361694 13.4536237716675 12.9206981658936 14.4202785491943 14.0445718765259 12.9850339889526 10.3655414581299 9.82909488677979 9.50146198272705 8.93650436401367 9.28409671783447 11.3517007827759 12.859281539917
-3.4e+38 -3.4e+38 -3.4e+38 -3.4e+38 -3.4e+38 -3.4e+38 -3.4e+38 -3.4e+38 -3.4e+38 -3.4e+38 -3.4e+38 -3.4e+38 -3.4e+38 -3.4e+38 -3.4e+38 -3.4e+38 -3.4e+38 -3.4e+38 -3.4e+38 19.6518306732178 19.602294921875 22.9697875976562 21.8333339691162 20.4192180633545 15.6400480270386 20.5487232208252 20.0464744567871 18.6510353088379 16.5889854431152 16.8151721954346 16.1245155334473 17.1496677398682 17.1860733032227 17.8963069915771 14.8473720550537 14.6154413223267 14.1244468688965 14.0128908157349 13.5595397949219 13.6198387145996 13.4329614639282 13.3956871032715 12.988242149353 13.6208581924438 13.7214345932007 14.4481830596924 11.7058868408203 11.0239639282227 10.3682203292847 10.0926265716553 9.88685989379883 11.7343273162842 9.90089797973633 9.77241039276123 12.4911079406738 18.0762271881104
-3.4e+38 -3.4e+38 -3.4e+38 -3.4e+38 -3.4e+38 -3.4e+38 -3.4e+38 -3.4e+38 -3.4e+38 -3.4e+38 -3.4e+38 -3.4e+38 -3.4e+38 -3.4e+38 -3.4e+38 -3.4e+38 -3.4e+38 -3.4e+38 16.5831241607666 22.9243927001953 17.910270690918 17.3853378295898 16.5453929901123 19.5583171844482 14.7648229598999 19.7089939117432 20.0686321258545 19.7765293121338 19.1572437286377 14.2604742050171 15.5170154571533 17.5744457244873 18.6889743804932 15.3378620147705 15.9687194824219 15.0342206954956 14.3788042068481 14.1372241973877 14.3391456604004 13.6106576919556 12.580849647522 13.2193040847778 13.1222877502441 11.6308975219727 11.2299203872681 10.5711870193481 10.0843667984009 10 9.37342548370361 10.4376459121704 14.9619884490967 20.3224010467529 18.6376266479492 11.1815824508667 19.1441898345947 16.763053894043
-3.4e+38 -3.4e+38 -3.4e+38 -3.4e+38 -3.4e+38 -3.4e+38 -3.4e+38 -3.4e+38 -3.4e+38 -3.4e+38 -3.4e+38 -3.4e+38 -3.4e+38 -3.4e+38 -3.4e+38 -3.4e+38 -3.4e+38 -3.4e+38 15.7726907730103 17.9358425140381 15.7955694198608 15.8201704025269 20.382453918457 14.7657632827759 14.3623733520508 14.8492422103882 19.5831565856934 19.4622135162354 18.0077152252197 14.1136264801025 15.4200448989868 16.4071464538574 14.6950483322144 16.7290496826172 16.5755844116211 14.652455329895 14.7544717788696 13.3270816802979 12.4007167816162 13.0010681152344 11.3846874237061 11.0842733383179 11.4673452377319 11 10.7948036193848 10.9709215164185 10.4336528778076 10.8832187652588 12.9657669067383 19.6200008392334 24.6379337310791 19.9548091888428 18.1383571624756 17.4292221069336 20.050630569458 16.0234203338623
-3.4e+38 -3.4e+38 -3.4e+38 -3.4e+38 -3.4e+38 -3.4e+38 -3.4e+38 -3.4e+38 -3.4e+38 -3.4e+38 -3.4e+38 -3.4e+38 -3.4e+38 -3.4e+38 -3.4e+38 -3.4e+38 -3.4e+38 -3.4e+38 13.5646600723267 17.0570945739746 17.5198307037354 19.6030044555664 14.7798662185669 14.9164342880249 19 16.5487499237061 16.5680408477783 19.7385692596436 16.5109386444092 14.2400064468384 15.2734336853027 15.3577699661255 16.6941432952881 18.55397605896 16.0078105926514 14.6439218521118 13.9861040115356 12.5499000549316 11.3137083053589 11.1180534362793 10.6432037353516 11.0126190185547 10.9316053390503 10.3440799713135 9.92611598968506 9.96242904663086 14.3391456604004 21.8460521697998 25.5831985473633 19.8179206848145 19.078784942627 20.2964153289795 20.3210353851318 17.5934009552002 13.9443340301514 14.5554494857788
-3.4e+38 -3.4e+38 -3.4e+38 -3.4e+38 -3.4e+38 -3.4e+38 -3.4e+38 -3.4e+38 -3.4e+38 -3.4e+38 -3.4e+38 -3.4e+38 -3.4e+38 -3.4e+38 -3.4e+38 -3.4e+38 -3.4e+38 -3.4e+38 10.1707639694214 11.6057939529419 12.9077930450439 12.2417774200439 11.5950183868408 16.0242862701416 11.554220199585 16.4375915527344 15.5035839080811 19.8753051757812 17.3957214355469 15.215124130249 17.1739463806152 17.188497543335 16.3384342193604 16.8753604888916 15.8806314468384 16.0606498718262 13.4794082641602 12.1014232635498 11.348030090332 10.8050918579102 10.6705722808838 10.989893913269 10.3319892883301 10.5711870193481 9.94708251953125 17.1464290618896 22.1754360198975 24.1821784973145 21.4054775238037 19.3002586364746 20.4069709777832 14.8922052383423 16.6591644287109 8.8568868637085 10.2279577255249 14.3187913894653
-3.4e+38 -3.4e+38 -3.4e+38 -3.4e+38 -3.4e+38 -3.4e+38 -3.4e+38 -3.4e+38 -3.4e+38 -3.4e+38 -3.4e+38 -3.4e+38 -3.4e+38 -3.4e+38 -3.4e+38 -3.4e+38 -3.4e+38 11.9384994506836 10.3212299346924 12.1871976852417 13.0522451400757 10.4522724151611 10.22252368927 11.3846874237061 11.554220199585 9.7780933380127 14.5153179168701 16.7107753753662 16.2480773925781 15.7885332107544 16.2018508911133 14.8408222198486 15.2970581054688 15.0665187835693 15.8622541427612 14.4894599914551 12.6699552536011 13.1286373138428 11.7260389328003 10.5685596466064 11.0428457260132 10.4296588897705 10.0346622467041 10.6275320053101 17.7982521057129 25.6807327270508 25.2773494720459 24.5203990936279 19.5071220397949 13.6024913787842 9.69536018371582 9.40892028808594 8.87568473815918 8.58778190612793 9.40005874633789 10.4216651916504
-3.4e+38 -3.4e+38 -3.4e+38 -3.4e+38 -3.4e+38 -3.4e+38 -3.4e+38 -3.4e+38 -3.4e+38 -3.4e+38 -3.4e+38 -3.4e+38 -3.4e+38 -3.4e+38 -3.4e+38 -3.4e+38 -3.4e+38 10.9772491455078 11.9872617721558 10.547511100769 8.21583843231201 8.96908283233643 8.88506889343262 9.53647994995117 11.3846874237061 14.5554494857788 15.0175819396973 16.307804107666 15.2078199386597 16.9197444915771 16.218132019043 14.8828763961792 14.6097383499146 15.9147033691406 14.5210571289062 12.9325170516968 13.2235059738159 12.0830459594727 10.5013227462769 10.83717918396 11.0012626647949 10.1666669845581 10.4416370391846 14.4144992828369 22.9207572937012 101.669807434082 111.858291625977 24.2578735351562 24.925443649292 14.3594722747803 14.039626121521 8.565110206604 7.71002244949341 7.63216876983643 7.47960186004639 8.36327934265137
-3.4e+38 -3.4e+38 -3.4e+38 -3.4e+38 -3.4e+38 -3.4e+38 -3.4e+38 -3.4e+38 -3.4e+38 -3.4e+38 -3.4e+38 -3.4e+38 -3.4e+38 -3.4e+38 -3.4e+38 -3.4e+38 -3.4e+38 7.90745067596436 8.70504283905029 8.56997299194336 8.83333301544189 9.30053806304932 9.13935279846191 9.13783359527588 9.72111129760742 9.74394416809082 9.93870067596436 14.6372814178467 15.6640071868896 16.3715534210205 14.7770471572876 13.516450881958 13.774977684021 14.931324005127 14.8529834747314 13.8744373321533 11.8965444564819 11.2583303451538 9.83615779876709 10.4642248153687 9.37786960601807 10.055401802063 10.3373651504517 13.709282875061 16.9410743713379 24.5764122009277 103.092323303223 41.8831062316895 25.5364665985107 11.0201835632324 8.98300838470459 8.10521125793457 7.87400770187378 7.75850772857666 7.46845197677612 8.07946681976318
-3.4e+38 -3.4e+38 -3.4e+38 -3.4e+38 -3.4e+38 -3.4e+38 -3.4e+38 -3.4e+38 -3.4e+38 -3.4e+38 -3.4e+38 -3.4e+38 -3.4e+38 -3.4e+38 -3.4e+38 -3.4e+38 8.14111614227295 6.14410305023193 8.03118896484375 6.67083215713501 7.77996015548706 9.39562511444092 9.64365100860596 8.3383321762085 7.66485500335693 7.21302843093872 7.31626796722412 14.0128908157349 15.9669799804688 15.7356634140015 13.6758098602295 13.2298059463501 12.2655792236328 14.1332941055298 14.8052167892456 12.9034881591797 10.9823093414307 10.3896312713623 10.0967540740967 10.0967540740967 12.845232963562 14.652455329895 10.7367486953735 10.7587175369263 16.5663642883301 18.116138458252 17.1763725280762 19.0204563140869 14.3681745529175 8.22259712219238 7.77460241317749 8.06914520263672 7.68295383453369 8.18535232543945 8.45248126983643 7.36168766021729
-3.4e+38 -3.4e+38 -3.4e+38 -3.4e+38 -3.4e+38 -3.4e+38 -3.4e+38 -3.4e+38 -3.4e+38 -3.4e+38 -3.4e+38 -3.4e+38 -3.4e+38 -3.4e+38 -3.4e+38 -3.4e+38 9.5916633605957 6.17341995239258 6.68539047241211 8.20230293273926 5.84047174453735 6.43126058578491 6.24054861068726 6.24722146987915 5.23874473571777 6.21378374099731 6.12372446060181 13.3603887557983 14.2692365646362 14.9005966186523 12.1117477416992 14.807092666626 14.7901992797852 14.3362398147583 12.3569593429565 11.6809434890747 10.7095489501953 10.0747203826904 9.97496891021729 15.2816152572632 16.7564258575439 17.1739463806152 17.321310043335 15.3740406036377 10.3936414718628 8.70344734191895 8.66666698455811 8.92717456817627 8.3383321762085 7.73160886764526 8.20738124847412 8.30829524993896 8.02253723144531 7.33901309967041 5.57025814056396 5.63471364974976
-3.4e+38 -3.4e+38 -3.4e+38 -3.4e+38 -3.4e+38 -3.4e+38 -3.4e+38 -3.4e+38 -3.4e+38 -3.4e+38 -3.4e+38 -3.4e+38 -3.4e+38 -3.4e+38 -3.4e+38 10.8742818832397 10.5725011825562 5.80469179153442 6.28490257263184 4.03457260131836 4.76969623565674 4.30116271972656 4.55826473236084 5.22015333175659 6.47645330429077 10.9430341720581 11.2694272994995 10.7445077896118 12.6896724700928 12.2474489212036 10.3440799713135 13.0298805236816 14.4549102783203 12.104866027832 11.4612874984741 8.94116592407227 12.7943134307861 13.5 13.5503177642822 17.0717449188232 16.0701580047607 17.8893203735352 14.0099172592163 8.92717456817627 7.87400770187378 8.09320735931396 8.27311611175537 8.0777473449707 7.15891075134277 7.57921123504639 7.56820821762085 7.6883749961853 6.24722146987915 5.67401504516602 5.59265375137329 6.57224798202515
-3.4e+38 -3.4e+38 -3.4e+38 -3.4e+38 -3.4e+38 -3.4e+38 -3.4e+38 -3.4e+38 -3.4e+38 -3.4e+38 -3.4e+38 -3.4e+38 -3.4e+38 -3.4e+38 -3.4e+38 -3.4e+38 9.4926872253418 5.14241600036621 5.76868963241577 5.19080400466919 5.24404430389404 5.46453189849854 6.20483684539795 5.89726877212524 5.56277322769165 6.55955600738525 11.651180267334 10.6418981552124 13.2644052505493 10.6705722808838 9.0798921585083 11.1592016220093 13.3977613449097 9.73966693878174 9.75961017608643 9.96242904663086 9.64365100860596 9.53647994995117 11.6129713058472 16.55881690979 16.1864147186279 15.4596252441406 15.4362487792969 7.69920635223389 8.06225776672363 8.10863780975342 8.2579927444458 8.55537509918213 7.77817440032959 7.83333349227905 7.87400770187378 7.84927463531494 7.19374752044678 4.40958547592163 2.91547584533691 2.12132024765015
-3.4e+38 -3.4e+38 -3.4e+38 -3.4e+38 -3.4e+38 -3.4e+38 -3.4e+38 -3.4e+38 -3.4e+38 -3.4e+38 -3.4e+38 -3.4e+38 -3.4e+38 -3.4e+38 -3.4e+38 -3.4e+38 7.83865070343018 6.1644139289856 5.754225730896 5.81903028488159 7.73160886764526 5.18277072906494 6.24499797821045 5.52268028259277 5.91607999801636 11.4455232620239 11.7898263931274 12.6535015106201 11.2694272994995 11.2669620513916 13.163501739502 9.63644695281982 16.469669342041 16.3401355743408 13.5738716125488 14.6581411361694 15.7012033462524 15.0831031799316 13.9861040115356 13.4019069671631 10.6236114501953 7.60664892196655 7.58470678329468 8.33666610717773 8.63777256011963 9.50584602355957 7.93725395202637 7.37864780426025 12.104866027832 8.77496433258057 7.69740200042725 7.64852905273438 5.36449241638184 2.06827902793884 1.85592150688171 1.83333337306976
-3.4e+38 -3.4e+38 -3.4e+38 -3.4e+38 -3.4e+38 -3.4e+38 -3.4e+38 -3.4e+38 -3.4e+38 -3.4e+38 -3.4e+38 -3.4e+38 -3.4e+38 -3.4e+38 -3.4e+38 -3.4e+38 6.11918640136719 6.63324975967407 5.68868255615234 5.06896877288818 7.44050455093384 4.88478374481201 6.08276271820068 7.01387500762939 10.5843172073364 13.1191120147705 10.5803804397583 12.1963109970093 11.1890325546265 14.9341144561768 12.810585975647 16.4096851348877 16.6941432952881 16.860538482666 10.1734952926636 10.7354555130005 8.74325180053711 8.64580821990967 8.39642810821533 8.23272609710693 8.44097137451172 8.5065336227417 8.60232543945312 7.58470678329468 8.95823669433594 8.96908283233643 7.98609924316406 9.16211986541748 10.8870458602905 7.71002244949341 5.54526805877686 2.99072647094727 2.44948983192444 1.64147627353668 1.64147627353668 1.87082874774933
-3.4e+38 -3.4e+38 -3.4e+38 -3.4e+38 -3.4e+38 -3.4e+38 -3.4e+38 -3.4e+38 -3.4e+38 -3.4e+38 -3.4e+38 -3.4e+38 -3.4e+38 -3.4e+38 -3.4e+38 6.71027421951294 6.24722146987915 6.89202451705933 6.74124956130981 6.04382133483887 6.37268495559692 5.17203998565674 5.23874473571777 8.21752834320068 12.9721927642822 13.648362159729 9.66953945159912 12.6238307952881 12.6885776519775 11.050389289856 10.5830049514771 13.8544015884399 10.2848320007324 9.23910808563232 7.68114566802979 8.0121431350708 8.22259712219238 7.71542453765869 7.66485500335693 8.41790390014648 8.23103904724121 8.37323760986328 7.6883749961853 9.99722194671631 8.58939933776855 7.5956859588623 7.26291942596436 7.64489650726318 7.2188024520874 5.38774347305298 4.71993398666382 1.56347191333771 1.5 1.39443337917328 1.16666662693024 2.64575123786926
-3.4e+38 -3.4e+38 -3.4e+38 -3.4e+38 -3.4e+38 -3.4e+38 -3.4e+38 -3.4e+38 -3.4e+38 -3.4e+38 -3.4e+38 -3.4e+38 -3.4e+38 -3.4e+38 -3.4e+38 6.14636278152466 5.59016990661621 4.33012723922729 4.4721360206604 4.59468269348145 4.82470512390137 4.64877510070801 5.80947494506836 8.15475368499756 11.9976854324341 12.8365793228149 12.2349681854248 12.434271812439 13.7113094329834 9.58876705169678 8.29323673248291 8.43274021148682 7.36734533309937 7.59934186935425 8.74642753601074 8.37323760986328 8.66185760498047 8.47709369659424 8.53587245941162 7.66666650772095 7.11414861679077 7.63216876983643 7.81735944747925 7.81735944747925 7.18988466262817 5.72276163101196 3.80788660049438 5.18277072906494 3.83333325386047 3.55121254920959 3.27871918678284 1.80277562141418 2.877112865448 2.94863438606262 2.63523149490356 2.63523149490356
-3.4e+38 -3.4e+38 -3.4e+38 -3.4e+38 -3.4e+38 -3.4e+38 -3.4e+38 -3.4e+38 -3.4e+38 -3.4e+38 -3.4e+38 -3.4e+38 -3.4e+38 -3.4e+38 9.72111129760742 8.10006904602051 8.19213676452637 6.4247784614563 5 4.4721360206604 5.38774347305298 4.44409704208374 5.23874473571777 11.7153749465942 12.8203401565552 10.0884971618652 10.0221977233887 10.7328672409058 12.4208602905273 9.26012992858887 8.01560974121094 7.79066371917725 8.5293607711792 8.07430744171143 8.501633644104 8.34332752227783 8.10006904602051 10.1734952926636 8.76704692840576 7.14920330047607 7.88986682891846 8.54562950134277 7.31436920166016 7.56637287139893 7.2877368927002 3.29561996459961 2.12132024765015 3.17979741096497 3.24037027359009 1.85592150688171 2.18581295013428 1.74005103111267 2.74367952346802 2.29734134674072 2.82842707633972 2.38630342483521
-3.4e+38 -3.4e+38 -3.4e+38 -3.4e+38 -3.4e+38 -3.4e+38 -3.4e+38 -3.4e+38 -3.4e+38 -3.4e+38 -3.4e+38 -3.4e+38 -3.4e+38 -3.4e+38 9.15757083892822 -3.4e+38 10.1666669845581 7.20146608352661 4.99444150924683 5.01109886169434 5.38516473770142 4.71109819412231 4.39064645767212 9.64941024780273 9.87139511108398 8.5 9.79795932769775 11.6308975219727 10.9252510070801 10.7095489501953 9.48683261871338 9.52336311340332 8.21245670318604 7.34846925735474 8.03291797637939 8.61684417724609 9.16515159606934 7.88986682891846 7.71002244949341 8.01560974121094 7.72621822357178 7.13169765472412 7.01387500762939 6.7720832824707 3.65528535842896 1.93649172782898 2.2360680103302 2.40370082855225 1.5 1.71593832969666 1.73205077648163 1.80277562141418 2.39791584014893 2.69258236885071 2.877112865448 4.57650995254517
-3.4e+38 -3.4e+38 -3.4e+38 -3.4e+38 -3.4e+38 -3.4e+38 -3.4e+38 -3.4e+38 -3.4e+38 -3.4e+38 -3.4e+38 -3.4e+38 -3.4e+38 -3.4e+38 9.34671688079834 9.74394416809082 -3.4e+38 7.29345226287842 6.22048568725586 3.89800524711609 4.91878461837769 6.09872484207153 4.25571489334106 7.17635011672974 8.88506889343262 6.97216701507568 8.59424877166748 11.3468055725098 9 8.88975715637207 7.21110248565674 7.72082328796387 7.52403545379639 8.10863780975342 7.91798257827759 8.02253723144531 7.98435974121094 7.36734533309937 9.00154304504395 11.5012073516846 8.28318214416504 7.05336809158325 7.35602569580078 2.93446946144104 3.03223419189453 2.12785744667053 2.00693249702454 1.74005103111267 1.78730082511902 1.80277562141418 1.81046342849731 2.69258236885071 2.36877846717834 4.50308513641357 4.59468269348145 4.35889911651611
-3.4e+38 -3.4e+38 -3.4e+38 -3.4e+38 -3.4e+38 -3.4e+38 -3.4e+38 -3.4e+38 -3.4e+38 -3.4e+38 -3.4e+38 -3.4e+38 -3.4e+38 9.69536018371582 10.3319892883301 11.5373792648315 10.4536008834839 6.18690395355225 6.63534307479858 5.6789083480835 5.70087718963623 6.79664945602417 7.45728588104248 7.00793218612671 6.97814035415649 6.78437757492065 7.24760484695435 9.16211986541748 9.57136917114258 7.83865070343018 5.02770090103149 8.04673862457275 7.61577320098877 6.86982107162476 4.38748216629028 6.57647323608398 8.6039400100708 8.03810405731201 7.66666650772095 7.7477593421936 7.17635011672974 7.74596691131592 3.44399642944336 2.12132024765015 2.54950976371765 1.73205077648163 2.24227070808411 1.5 1.50923085212708 1.78730082511902 2.54950976371765 2.97676181793213 4.55826473236084 4.55521678924561 4.69337606430054 4.12310552597046
-3.4e+38 -3.4e+38 -3.4e+38 -3.4e+38 -3.4e+38 -3.4e+38 -3.4e+38 -3.4e+38 -3.4e+38 -3.4e+38 -3.4e+38 -3.4e+38 10.5725011825562 8.75277709960938 9.89247703552246 8.52610397338867 8.80025291442871 9.24662113189697 8.06225776672363 7.68114566802979 7.03562355041504 7.27629327774048 7.69379281997681 7.52957153320312 6.3857479095459 6.48930740356445 6.46142387390137 5.65685415267944 5.80947494506836 5.64456462860107 4.91030645370483 3.10017919540405 4.28498649597168 3.5355339050293 4.38114643096924 7.15891075134277 6.61647796630859 8.33666610717773 7.92324304580688 7.64852905273438 6.72681188583374 4.10622835159302 2.80376720428467 2.27913236618042 2.29734134674072 2 1.81046342849731 1.66666662693024 2.52212429046631 2.74367952346802 4.44409704208374 4.63081455230713 4.4721360206604 4.21637010574341 4.66368961334229 4.92724847793579
-3.4e+38 -3.4e+38 -3.4e+38 -3.4e+38 -3.4e+38 -3.4e+38 -3.4e+38 -3.4e+38 -3.4e+38 -3.4e+38 -3.4e+38 -3.4e+38 8.55537509918213 9.08295059204102 8.48691844940186 7.75850772857666 8.59909534454346 10.0138788223267 8.67147254943848 8.8568868637085 7.77817440032959 7.33143901824951 7.00198364257812 6.34647750854492 7.31057071685791 7.0316743850708 7.05336809158325 5.17203998565674 4.86769390106201 5.02493762969971 3.90512490272522 2.92023587226868 3.39116501808167 2.93446946144104 2.5980761051178 3.95108985900879 5.12347555160522 8.06225776672363 6.26054668426514 4.42844343185425 2.43812322616577 1.66666662693024 2.02758741378784 2.42097306251526 2.2360680103302 2.42097306251526 1.80277562141418 2.27913236618042 2.92023587226868 2.97676181793213 2.63523149490356 2.53859114646912 2.57120800018311 2.34520792961121 3.65528535842896 5.31507301330566
-339999999999999996128486808808066248288.000000000000000 -3.4e+38 -3.4e+38 -3.4e+38 -3.4e+38 -3.4e+38 -3.4e+38 -3.4e+38 -3.4e+38 -3.4e+38 -3.4e+38 -3.4e+38 8.33333301544189 8.81759643554688 8.2579927444458 8.68587589263916 7.92324304580688 9.47071552276611 9.39562511444092 7.38241147994995 7.29345226287842 8.58454704284668 8.01734256744385 8.28318214416504 6.15313816070557 6.2070746421814 7.16085052490234 3.98260116577148 3.08670997619629 4.94974756240845 3.95108985900879 3.00462603569031 3.63241577148438 6.74742746353149 4.35889911651611 3.35410189628601 3.64005494117737 3.7080991268158 3 2.73861289024353 1.80277562141418 1.96497106552124 2.36877846717834 1.69148194789886 1.48136568069458 3.04594445228577 3.92994213104248 3.03223419189453 2.63523149490356 2.96273136138916 2.64575123786926 2.34520792961121 2.55495166778564 3.7749171257019 5.16666650772095 4.92442893981934
-3.4e+38 -3.4e+38 -3.4e+38 -3.4e+38 -3.4e+38 -3.4e+38 -3.4e+38 -3.4e+38 -3.4e+38 -3.4e+38 -3.4e+38 8.61845588684082 8.42614936828613 9.43398094177246 9.98749256134033 9.61769199371338 9.42072200775146 9.04157066345215 9.77383136749268 6.9302077293396 5.93950986862183 7.28010988235474 7.36545991897583 7.80135297775269 7.60664892196655 5.83095169067383 6.22718048095703 6.05759382247925 6.36614322662354 2.80376720428467 3.76755142211914 5.14781522750854 2.5980761051178 3.20156216621399 3.07318139076233 3.46410155296326 3.39525818824768 4.00347089767456 2.54950976371765 2.06155276298523 2.14734983444214 2.4888641834259 2 1.93649172782898 3.12249898910522 6.085045337677 4.30439043045044 4.40012645721436 4.10622835159302 2.8722813129425 4.01386499404907 4.49382305145264 5.81903028488159 5.36190271377563 5.36449241638184 5.72276163101196
