sd_MH.asc
NCOLS 427 
NROWS 362 
XLLCORNER -9.541666667 
YLLCORNER 36 
CELLSIZE 0.0416666666674473 
NODATA_value -3.4e+38 
[rows 100 to 124 of 362, columns 168 to 223 of 427]
-3.4e+38 -3.4e+38 -3.4e+38 -3.4e+38 -3.4e+38 -3.4e+38 -3.4e+38 -3.4e+38 -3.4e+38 -3.4e+38 16.1331272125244 16.1331272125244 16.2557678222656 16.508415222168 16.4477291107178 16.6941432952881 15.9843673706055 16.7555961608887 17.2006130218506 15.9147033691406 16.2335395812988 16.1090030670166 16.2924652099609 16.6591644287109 16.3460826873779 16.1554946899414 16.2771148681641 16.3919010162354 16.5109386444092 15.6027059555054 15.8832550048828 15.4497394561768 15.6843872070312 15.2406616210938 15.3686189651489 15.247950553894 15.4659118652344 18.7949466705322 19.0525588989258 18.5637035369873 15.4191436767578 18.0623912811279 18.1872978210449 18.0723857879639 18.0693111419678 17.9474544525146 18.5389976501465 17.9288711547852 17.924222946167 18.2330589294434 18.0077152252197 18.1529006958008 18.2208671569824 18.1574897766113 17.6902351379395 14.7563543319702
-3.4e+38 -3.4e+38 -3.4e+38 -3.4e+38 -3.4e+38 -3.4e+38 -3.4e+38 -3.4e+38 -3.4e+38 -3.4e+38 16.1554946899414 16.1331272125244 16.1554946899414 15.6124954223633 15.6932401657104 16.6216049194336 16.8159980773926 16.6966400146484 16.8457050323486 16.3333339691162 16.2694320678711 16.2480773925781 16.0969295501709 16.4198398590088 16.7340297698975 16.0813903808594 16.3460826873779 16.4654521942139 16.3919010162354 16.0857086181641 16.3180198669434 15.2461290359497 15.5563488006592 15.4515371322632 15.2379274368286 14.8408222198486 15.0166578292847 14.8810091018677 15.3378620147705 18.9017925262451 18.401388168335 17.4769687652588 17.6147041320801 18.7268371582031 18.8178405761719 18.498498916626 19.5128154754639 19.5455303192139 18.4323081970215 18.090051651001 17.9094944000244 18.2619819641113 18.8797359466553 18.6174945831299 17.7341480255127 17.3421459197998
-3.4e+38 -3.4e+38 -3.4e+38 -3.4e+38 -3.4e+38 -3.4e+38 -3.4e+38 -3.4e+38 -3.4e+38 -3.4e+38 16.2788200378418 16.2386703491211 16.1331272125244 15.6124954223633 15.4919338226318 15.6773014068604 15.6764154434204 15.716233253479 15.2843418121338 15.8271913528442 16.1279602050781 15.9721984863281 16.1589336395264 16.23610496521 16.2172756195068 16.0813903808594 16.1012420654297 16.5302753448486 16.5302753448486 16.1632289886475 15.8464860916138 15.6213884353638 15.215124130249 15.4515371322632 15.3740406036377 14.8744745254517 14.8333330154419 14.9619884490967 15.058219909668 17.6099720001221 18.9084053039551 18.498498916626 17.772481918335 18.0485458374023 18.1590194702148 19.2750549316406 19.099157333374 19.0642185211182 19.164493560791 19.280818939209 19.164493560791 18.090051651001 18.0585460662842 18.595100402832 18.5659484863281 18.2695865631104
-3.4e+38 -3.4e+38 -3.4e+38 -3.4e+38 -3.4e+38 -3.4e+38 -3.4e+38 -3.4e+38 -3.4e+38 -3.4e+38 -3.4e+38 -3.4e+38 16.2386703491211 15.5277528762817 15.6213884353638 15.4919338226318 15.2187747955322 15.7938098907471 15.8017225265503 15.5170154571533 16.0294876098633 15.9147033691406 15.9748067855835 16.0502681732178 16.3180198669434 16.073616027832 16.5033664703369 15.945219039917 16.2941703796387 15.4353494644165 15.7003183364868 15.7832536697388 15.6213884353638 15.0923089981079 15.5008964538574 15.1171350479126 14.9201574325562 14.9703407287598 14.9703407287598 14.9415531158447 15.2888851165771 18.960485458374 19.0248374938965 18.6085395812988 18.401388168335 17.9776096343994 17.9079437255859 18.7246131896973 18.6510353088379 18.5142593383789 18.5861358642578 18.3014869689941 18.7890338897705 18.6778240203857 18.0423889160156 17.9582843780518
-3.4e+38 -3.4e+38 -3.4e+38 -3.4e+38 -3.4e+38 -3.4e+38 -3.4e+38 -3.4e+38 -3.4e+38 -3.4e+38 -3.4e+38 -3.4e+38 -3.4e+38 15.5402698516846 15.5277528762817 15.522385597229 15.6932401657104 15.44704246521 15.7797336578369 15.9016075134277 15.6879291534424 15.7118139266968 16.0658359527588 15.7832536697388 16.2950229644775 16.2941703796387 16.5437126159668 15.927788734436 15.6080465316772 15.7356634140015 15.7462520599365 15.8508672714233 15.6879291534424 15.1143789291382 15.1822261810303 14.8744745254517 15.1336641311646 15.4901399612427 14.7403450012207 14.8361415863037 14.7986488342285 15.2807064056396 17.7411956787109 18.688232421875 18.8443927764893 18.9472961425781 18.7683238983154 18.55397605896 19.0197257995605 18.1521339416504 18.7934684753418 18.9010581970215 19.7301235198975 18.3507499694824 18.2140064239502 18.3968601226807
-3.4e+38 -3.4e+38 -3.4e+38 -3.4e+38 -3.4e+38 -3.4e+38 -3.4e+38 -3.4e+38 -3.4e+38 -3.4e+38 -3.4e+38 -3.4e+38 -3.4e+38 -3.4e+38 15.5277528762817 15.5277528762817 15.5402698516846 15.5840015411377 15.549204826355 15.5893478393555 15.6843872070312 15.7118139266968 15.8333330154419 15.7955694198608 16.0312194824219 15.5241746902466 16.2412376403809 15.4200448989868 15.6958951950073 15.1244831085205 15.2297220230103 14.8613967895508 14.635383605957 14.3527002334595 15.215124130249 15.141921043396 14.8529834747314 14.8744745254517 14.6609840393066 14.1989831924438 15.0748138427734 15.2788887023926 17.7677917480469 18.580904006958 18.4669380187988 19.0394325256348 18.7023468017578 18.3779754638672 17.9451332092285 18.0931224822998 19.1731872558594 18.9128112792969 19.4622135162354 18.9765930175781 18.1230354309082 17.9079437255859
-3.4e+38 -3.4e+38 -3.4e+38 -3.4e+38 -3.4e+38 -3.4e+38 -3.4e+38 -3.4e+38 -3.4e+38 -3.4e+38 -3.4e+38 -3.4e+38 -3.4e+38 -3.4e+38 -3.4e+38 15.4901399612427 15.4901399612427 15.5759782791138 15.7241849899292 15.9373769760132 15.8596277236938 15.6843872070312 15.8981132507324 15.8017225265503 15.8034811019897 15.1474237442017 15.2379274368286 15.4065284729004 15.4686059951782 14.7817459106445 15.5545635223389 15.1244831085205 15.5545635223389 15.1079444885254 15.1336641311646 15.5331192016602 15.5161209106445 14.0188369750977 15.6373844146729 13.9204082489014 14.2565774917603 14.6609840393066 14.9731245040894 17.2296581268311 17.5957698822021 18.8355464935303 19.0394325256348 18.7779426574707 18.7335109710693 19.4486503601074 19.1731872558594 19.1818771362305 18.853235244751 18.4323081970215 18.8841495513916 18.1735458374023
-3.4e+38 -3.4e+38 -3.4e+38 -3.4e+38 -3.4e+38 -3.4e+38 -3.4e+38 -3.4e+38 -3.4e+38 -3.4e+38 -3.4e+38 -3.4e+38 -3.4e+38 -3.4e+38 -3.4e+38 -3.4e+38 15.4901399612427 15.8149013519287 15.8981132507324 16.0701580047607 15.8666315078735 15.867506980896 15.8753824234009 15.3767499923706 15.6958951950073 15.5724115371704 15.0536079406738 15.141921043396 15.5733032226562 15.1803970336914 14.7177143096924 15.3577699661255 15.1749057769775 15.1995983123779 15.2843418121338 15.033296585083 15.3306159973145 14.7563543319702 15.0536079406738 14.0801277160645 13.865424156189 14.4481830596924 14.552586555481 14.552586555481 17.0587215423584 17.1715202331543 18.3424224853516 18.1207370758057 18.4187412261963 18.9326286315918 18.8488140106201 17.6454277038574 18.8421802520752 18.5270080566406 18.5637035369873 19.0131530761719
-3.4e+38 -3.4e+38 -3.4e+38 -3.4e+38 -3.4e+38 -3.4e+38 -3.4e+38 -3.4e+38 -3.4e+38 -3.4e+38 -3.4e+38 -3.4e+38 -3.4e+38 -3.4e+38 -3.4e+38 -3.4e+38 -3.4e+38 15.4677085876465 15.7321329116821 15.4191436767578 15.3360500335693 15.7091617584229 15.8412265777588 15.3469142913818 14.9703407287598 15.2233371734619 15.2233371734619 14.7478809356689 14.8108444213867 14.6296882629395 14.7855033874512 14.9452705383301 15.5733032226562 14.9898109436035 15.0867862701416 15.4308490753174 15.1721601486206 14.1018123626709 14.048526763916 14.6325359344482 14.6287384033203 14.6239910125732 14.3187913894653 14.5382633209229 16.7489643096924 16.6691665649414 17.2707195281982 17.3060684204102 17.7607555389404 17.7067165374756 18.0831413269043 18.3983688354492 19.2122650146484 19.0773277282715 18.8134117126465 19.2880210876465
-3.4e+38 -3.4e+38 -3.4e+38 -3.4e+38 -3.4e+38 -3.4e+38 -3.4e+38 -3.4e+38 -3.4e+38 -3.4e+38 -3.4e+38 -3.4e+38 -3.4e+38 -3.4e+38 -3.4e+38 -3.4e+38 -3.4e+38 15.4272489547729 15.4272489547729 15.4793767929077 15.7171173095703 15.6533632278442 15.1986837387085 15.2543258666992 14.4549102783203 15.2679767608643 14.855788230896 14.6799182891846 14.3788042068481 14.5325307846069 14.6372814178467 14.7986488342285 15.0591430664062 14.5172309875488 14.9452705383301 14.5945196151733 14.534441947937 14.0663108825684 13.956280708313 13.8031797409058 14.5210571289062 14.5296630859375 14.5296630859375 14.6808643341064 14.3623733520508 14.3623733520508 16.4468841552734 17.1448078155518 16.9713802337646 17.4499282836914 17.8745632171631 16.7837562561035 17.7396297454834 19.3742389678955 18.6010761260986 19.3132076263428
-3.4e+38 -3.4e+38 -3.4e+38 -3.4e+38 -3.4e+38 -3.4e+38 -3.4e+38 -3.4e+38 -3.4e+38 -3.4e+38 -3.4e+38 -3.4e+38 -3.4e+38 -3.4e+38 -3.4e+38 -3.4e+38 -3.4e+38 -3.4e+38 -3.4e+38 15.5322246551514 15.5143299102783 15.4793767929077 14.2653427124023 14.289662361145 14.2916059494019 14.6116390228271 14.5382633209229 14.4577932357788 14.6751871109009 14.6458187103271 14.9248113632202 15.1446723937988 15.0416088104248 14.3701076507568 14.5668954849243 14.6799182891846 15.0425319671631 15.0083312988281 14.4779529571533 13.8383522033691 14.0801277160645 14.0089254379272 14.1950693130493 14.4568319320679 14.4376049041748 14.2575511932373 16.79616355896 16.5462322235107 16.8110408782959 16.628288269043 17.0912590026855 16.8300323486328 17.4817371368408 18.3983688354492 18.4308013916016 17.9868774414062
-3.4e+38 -3.4e+38 -3.4e+38 -3.4e+38 -3.4e+38 -3.4e+38 -3.4e+38 -3.4e+38 -3.4e+38 -3.4e+38 -3.4e+38 -3.4e+38 -3.4e+38 -3.4e+38 -3.4e+38 -3.4e+38 -3.4e+38 -3.4e+38 -3.4e+38 -3.4e+38 -3.4e+38 14.4376049041748 14.603081703186 14.3352708816528 14.4058246612549 14.2478065490723 14.5983257293701 14.6068859100342 14.6068859100342 14.4404907226562 14.7657632827759 14.8024024963379 14.931324005127 14.5124464035034 14.4721956253052 14.6011791229248 14.6154413223267 14.3362398147583 14.7318630218506 14.31005859375 14.2663164138794 14.2575511932373 13.8273077011108 14.1195297241211 14.4433755874634 14.3507642745972 16.5537853240967 16.563850402832 16.4856834411621 16.6491565704346 16.3842735290527 16.5713939666748 16.8135204315186 16.8893451690674 16.8877010345459 16.6958084106445
-3.4e+38 -3.4e+38 -3.4e+38 -3.4e+38 -3.4e+38 -3.4e+38 -3.4e+38 -3.4e+38 -3.4e+38 -3.4e+38 -3.4e+38 -3.4e+38 -3.4e+38 -3.4e+38 -3.4e+38 -3.4e+38 -3.4e+38 -3.4e+38 -3.4e+38 -3.4e+38 -3.4e+38 -3.4e+38 -3.4e+38 -3.4e+38 -3.4e+38 14.2429323196411 14.4347190856934 14.3042335510254 14.3090877532959 14.6268396377563 14.7601184844971 14.5602197647095 14.6969385147095 14.4913768768311 14.6581411361694 14.652455329895 14.3449563980103 14.6799182891846 15.1171350479126 14.5554494857788 14.0336894989014 14.3913555145264 14.0692729949951 14.509575843811 14.2126703262329 14.2487812042236 16.2386703491211 16.563850402832 16.4299869537354 16.2694320678711 16.5008411407471 16.3690090179443 16.2873497009277 16.4924221038818 16.0813903808594 16.5411949157715
-3.4e+38 -3.4e+38 -3.4e+38 -3.4e+38 -3.4e+38 -3.4e+38 -3.4e+38 -3.4e+38 -3.4e+38 -3.4e+38 -3.4e+38 -3.4e+38 -3.4e+38 -3.4e+38 -3.4e+38 -3.4e+38 -3.4e+38 -3.4e+38 -3.4e+38 -3.4e+38 -3.4e+38 -3.4e+38 -3.4e+38 -3.4e+38 -3.4e+38 -3.4e+38 14.4308700561523 14.1067361831665 14.307147026062 14.6201915740967 14.4664363861084 14.5554494857788 14.8660688400269 14.9480581283569 14.6372814178467 14.2867460250854 14.2867460250854 14.3013210296631 14.6799182891846 14.326548576355 14.3362398147583 14.3042335510254 14.3042335510254 14.0534696578979 14.4520282745361 14.0128908157349 14.2867460250854 16.1202087402344 16.5302753448486 15.6684398651123 16.2018508911133 15.6932401657104 15.8648805618286 15.6826162338257 16.1769733428955 16.7854099273682
-3.4e+38 -3.4e+38 -3.4e+38 -3.4e+38 -3.4e+38 -3.4e+38 -3.4e+38 -3.4e+38 -3.4e+38 -3.4e+38 -3.4e+38 -3.4e+38 -3.4e+38 -3.4e+38 -3.4e+38 -3.4e+38 -3.4e+38 -3.4e+38 -3.4e+38 -3.4e+38 -3.4e+38 -3.4e+38 -3.4e+38 -3.4e+38 -3.4e+38 -3.4e+38 -3.4e+38 -3.4e+38 -3.4e+38 -3.4e+38 14.4491443634033 14.5602197647095 -3.4e+38 -3.4e+38 15.0342206954956 14.0574216842651 14.0574216842651 14.0247793197632 14.0623607635498 14.0899887084961 14.1067361831665 13.8212795257568 13.6381816864014 13.8112268447876 14.0128908157349 14.0603857040405 14.1696071624756 15.9016075134277 16.0580539703369 15.3523435592651 15.9251718521118 15.7224187850952 15.4272489547729 16.0813903808594 16.8382835388184 18.2673053741455
-3.4e+38 -3.4e+38 -3.4e+38 -3.4e+38 -3.4e+38 -3.4e+38 -3.4e+38 -3.4e+38 -3.4e+38 -3.4e+38 -3.4e+38 -3.4e+38 -3.4e+38 -3.4e+38 -3.4e+38 -3.4e+38 -3.4e+38 -3.4e+38 -3.4e+38 -3.4e+38 -3.4e+38 -3.4e+38 -3.4e+38 -3.4e+38 -3.4e+38 -3.4e+38 -3.4e+38 -3.4e+38 -3.4e+38 -3.4e+38 -3.4e+38 -3.4e+38 -3.4e+38 -3.4e+38 14.6040325164795 14.0534696578979 14.0603857040405 14.0712471008301 14.0988569259644 14.2984066009521 14.8136577606201 13.4670381546021 13.4515590667725 14.0623607635498 14.2565774917603 13.9592657089233 14.0069427490234 15.6604595184326 15.8017225265503 15.5759782791138 15.8622541427612 15.8333330154419 15.232458114624 15.6444873809814 16.8184757232666 17.1326522827148
-3.4e+38 -3.4e+38 -3.4e+38 -3.4e+38 -3.4e+38 -3.4e+38 -3.4e+38 -3.4e+38 -3.4e+38 -3.4e+38 -3.4e+38 -3.4e+38 -3.4e+38 -3.4e+38 -3.4e+38 -3.4e+38 -3.4e+38 -3.4e+38 -3.4e+38 -3.4e+38 -3.4e+38 -3.4e+38 -3.4e+38 -3.4e+38 14.4606742858887 -3.4e+38 -3.4e+38 -3.4e+38 -3.4e+38 -3.4e+38 -3.4e+38 -3.4e+38 -3.4e+38 14.0623607635498 14.0623607635498 14.0128908157349 14.1224803924561 14.1519527435303 14.2478065490723 13.7658996582031 13.9731884002686 14.0534696578979 14.0534696578979 13.802173614502 13.8212795257568 15.64537525177 16.1012420654297 15.8963661193848 15.6684398651123 15.9199390411377 16.1408729553223 15.3948040008545 15.6044864654541 15.5973644256592 15.9042272567749 16.777961730957
-3.4e+38 -3.4e+38 -3.4e+38 -3.4e+38 -3.4e+38 -3.4e+38 -3.4e+38 -3.4e+38 -3.4e+38 -3.4e+38 -3.4e+38 -3.4e+38 -3.4e+38 -3.4e+38 -3.4e+38 -3.4e+38 -3.4e+38 -3.4e+38 -3.4e+38 -3.4e+38 -3.4e+38 -3.4e+38 -3.4e+38 -3.4e+38 -3.4e+38 -3.4e+38 -3.4e+38 13.9682178497314 14.5353975296021 14.1598024368286 -3.4e+38 -3.4e+38 14.0811138153076 13.9920616149902 14.3710746765137 14.1421356201172 14.2721567153931 13.7001619338989 13.7032032012939 14.1244468688965 13.8483858108521 13.7669086456299 13.802173614502 14.2478065490723 14.048526763916 15.0591430664062 15.5358009338379 15.7118139266968 15.5465250015259 15.4272489547729 15.4389476776123 15.9408626556396 15.6586856842041 15.5973644256592 15.7638826370239 16.4240684509277
-3.4e+38 -3.4e+38 -3.4e+38 -3.4e+38 -3.4e+38 -3.4e+38 -3.4e+38 -3.4e+38 -3.4e+38 -3.4e+38 -3.4e+38 -3.4e+38 -3.4e+38 -3.4e+38 -3.4e+38 -3.4e+38 -3.4e+38 -3.4e+38 -3.4e+38 -3.4e+38 -3.4e+38 -3.4e+38 -3.4e+38 -3.4e+38 -3.4e+38 -3.4e+38 -3.4e+38 -3.4e+38 -3.4e+38 14.1872396469116 -3.4e+38 -3.4e+38 -3.4e+38 13.8182649612427 14.0623607635498 13.8393564224243 14.1784267425537 13.6758098602295 13.6198387145996 13.071385383606 13.429859161377 14.1165781021118 13.684947013855 14.4654760360718 13.7568168640137 14.3652744293213 13.6198387145996 15.6160526275635 15.6684398651123 15.1501741409302 15.7197685241699 15.7003183364868 15.9408626556396 15.6187210083008 15.4416465759277 15.9068470001221
-3.4e+38 -3.4e+38 -3.4e+38 -3.4e+38 -3.4e+38 -3.4e+38 -3.4e+38 -3.4e+38 -3.4e+38 -3.4e+38 -3.4e+38 -3.4e+38 -3.4e+38 -3.4e+38 -3.4e+38 -3.4e+38 -3.4e+38 -3.4e+38 -3.4e+38 -3.4e+38 -3.4e+38 -3.4e+38 -3.4e+38 -3.4e+38 -3.4e+38 -3.4e+38 -3.4e+38 -3.4e+38 -3.4e+38 -3.4e+38 -3.4e+38 -3.4e+38 -3.4e+38 -3.4e+38 13.7699346542358 13.8393564224243 13.8303213119507 13.956280708313 13.956280708313 13.429859161377 13.5472421646118 13.4814691543579 13.6758098602295 13.5369863510132 13.8333330154419 13.4350290298462 13.6198387145996 15.4847593307495 15.0120325088501 15.5599203109741 15.6533632278442 15.6746435165405 16.0156173706055 15.9765453338623 16.151195526123 16.2847919464111
-3.4e+38 -3.4e+38 -3.4e+38 -3.4e+38 -3.4e+38 -3.4e+38 -3.4e+38 -3.4e+38 -3.4e+38 -3.4e+38 -3.4e+38 -3.4e+38 -3.4e+38 -3.4e+38 -3.4e+38 -3.4e+38 -3.4e+38 -3.4e+38 -3.4e+38 -3.4e+38 -3.4e+38 -3.4e+38 -3.4e+38 -3.4e+38 -3.4e+38 -3.4e+38 -3.4e+38 -3.4e+38 -3.4e+38 -3.4e+38 -3.4e+38 -3.4e+38 -3.4e+38 -3.4e+38 -3.4e+38 13.6147384643555 13.2298059463501 13.5738716125488 13.6636171340942 13.4701318740845 13.5472421646118 13.4143371582031 13.7759857177734 13.4721937179565 13.6819019317627 13.5748949050903 13.5287761688232 14.8894071578979 15.0425319671631 15.2105588912964 15.2105588912964 15.4443445205688 15.8508672714233 16.0078105926514 17.1690940856934 17.1836490631104
-3.4e+38 -3.4e+38 -3.4e+38 -3.4e+38 -3.4e+38 -3.4e+38 -3.4e+38 -3.4e+38 -3.4e+38 -3.4e+38 -3.4e+38 -3.4e+38 -3.4e+38 -3.4e+38 -3.4e+38 -3.4e+38 -3.4e+38 -3.4e+38 -3.4e+38 -3.4e+38 -3.4e+38 -3.4e+38 -3.4e+38 -3.4e+38 -3.4e+38 -3.4e+38 -3.4e+38 14.039626121521 14.039626121521 -3.4e+38 -3.4e+38 -3.4e+38 -3.4e+38 -3.4e+38 -3.4e+38 -3.4e+38 13.684947013855 13.5922775268555 13.6636171340942 13.7062435150146 13.429859161377 13.5462169647217 12.7964839935303 13.2738256454468 13.516450881958 13.4917669296265 13.0138816833496 15.6444873809814 15.8271913528442 15.7224187850952 15.1501741409302 15.6879291534424 15.8823804855347 15.8989868164062 17.0081672668457 16.2668724060059
-3.4e+38 -3.4e+38 -3.4e+38 -3.4e+38 -3.4e+38 -3.4e+38 -3.4e+38 -3.4e+38 -3.4e+38 -3.4e+38 -3.4e+38 -3.4e+38 -3.4e+38 -3.4e+38 -3.4e+38 -3.4e+38 -3.4e+38 -3.4e+38 -3.4e+38 -3.4e+38 -3.4e+38 -3.4e+38 -3.4e+38 -3.4e+38 -3.4e+38 -3.4e+38 -3.4e+38 -3.4e+38 14.2224388122559 14.2390308380127 13.9771642684937 -3.4e+38 -3.4e+38 -3.4e+38 -3.4e+38 13.9592657089233 14.2077836990356 13.0618190765381 13.0288143157959 13.2298059463501 13.4329614639282 12.839825630188 12.8819427490234 13.0618190765381 13.0618190765381 13.4360628128052 12.9110202789307 13.4814691543579 15.8429794311523 15.9748067855835 15.6684398651123 15.8981132507324 15.0120325088501 15.4281492233276 15.9930543899536 16.7290496826172
-3.4e+38 -3.4e+38 -3.4e+38 -3.4e+38 -3.4e+38 -3.4e+38 -3.4e+38 -3.4e+38 -3.4e+38 -3.4e+38 -3.4e+38 -3.4e+38 -3.4e+38 -3.4e+38 -3.4e+38 -3.4e+38 -3.4e+38 -3.4e+38 -3.4e+38 -3.4e+38 -3.4e+38 -3.4e+38 -3.4e+38 -3.4e+38 -3.4e+38 -3.4e+38 -3.4e+38 -3.4e+38 14.2214622497559 13.2853298187256 14.2390308380127 -3.4e+38 -3.4e+38 -3.4e+38 -3.4e+38 13.1191120147705 13.1909055709839 13.2003784179688 12.8819427490234 13.0968618392944 13.0479879379272 12.7964839935303 12.839825630188 12.9711217880249 12.9711217880249 12.9110202789307 12.9561223983765 13.3894653320312 13.4267559051514 15.7541885375977 15.4272489547729 14.5086183547974 15.2761611938477 15.4766845703125 15.4820680618286 16.1021041870117
-3.4e+38 -3.4e+38 -3.4e+38 -3.4e+38 -3.4e+38 -3.4e+38 -3.4e+38 -3.4e+38 -3.4e+38 -3.4e+38 -3.4e+38 -3.4e+38 -3.4e+38 -3.4e+38 -3.4e+38 -3.4e+38 -3.4e+38 -3.4e+38 -3.4e+38 -3.4e+38 -3.4e+38 -3.4e+38 -3.4e+38 -3.4e+38 -3.4e+38 -3.4e+38 -3.4e+38 -3.4e+38 -3.4e+38 -3.4e+38 13.4143371582031 12.6984252929688 -3.4e+38 -3.4e+38 -3.4e+38 12.2576503753662 12.3198127746582 12.9807548522949 13.0106792449951 13.0936794281006 12.8840990066528 12.4844350814819 12.7964839935303 12.1974496841431 13 13.4267559051514 13.4979419708252 13.3229122161865 13.509256362915 15.4272489547729 15.3740406036377 14.9898109436035 14.9842510223389 15.2406616210938 15.4686059951782 14.4029321670532
