sd_MH.asc
NCOLS 427 
NROWS 362 
XLLCORNER -9.541666667 
YLLCORNER 36 
CELLSIZE 0.0416666666674473 
NODATA_value -3.4e+38 
[rows 286 to 307 of 362, columns 100 to 149 of 427]
17.7513694763184 18.0762271881104 19.078784942627 19.1666660308838 18.5681934356689 20.6121597290039 21.0264377593994 21.7025337219238 21.3834056854248 21.7626075744629 21.3079280853271 21.6858882904053 21.0818519592285 22.1133441925049 21.3352870941162 20.7952995300293 20.1087322235107 20.457950592041 19.4365062713623 19.164493560791 18.8907680511475 18.9274940490723 18.3809986114502 20.9887542724609 19.5064086914062 19.3117694854736 18.2467651367188 18.604061126709 18.6085395812988 18.2216300964355 18.4217567443848 18.6063003540039 18.2688255310059 18.0862140655518 17.910270690918 16.5512676239014 17.2272396087646 15.9774150848389 16.1864147186279 16.1279602050781 15.9695892333984 16.0216865539551 16.0216865539551 15.9565382003784 16.3256778717041 16.2172756195068 14.4347190856934 14.4894599914551 13.3458271026611 12.7377395629883
16.9394340515137 17.3044624328613 17.0668621063232 18.8679618835449 18.9546241760254 20.5088062286377 22.1666660308838 21.9829483032227 21.7313137054443 21.7223644256592 21.6101837158203 21.1896209716797 21.5896072387695 21.7887592315674 22.0932369232178 21.0006618499756 20.7832736968994 20.9907379150391 20.1232318878174 19.5177974700928 19.6475887298584 19.3935852050781 19.1049728393555 18.8775291442871 17.7654476165771 16.9705619812012 18.8480777740479 18.870906829834 18.6413516998291 19.1753597259521 18.870906829834 18.6755924224854 19.0160751342773 17.8986339569092 18.657735824585 17.6831684112549 17.5483455657959 17.531717300415 17.7701377868652 17.0326480865479 16.1357097625732 16.073616027832 16.0658359527588 15.9565382003784 15.6124954223633 15.5143299102783 14.3536682128906 13.3135271072388 13.3135271072388 13.8994407653809
15.1739912033081 16.0320854187012 17.8543491363525 19.4679222106934 20.1866283416748 19.7702083587646 20.3838176727295 22.3383083343506 22.3271141052246 21.3411445617676 21.3248672485352 20.8852691650391 21.3424453735352 20.9887542724609 21.440486907959 20.7351016998291 20.9768390655518 20.4192180633545 20.4266986846924 20.9463596343994 20.2484569549561 19.1536178588867 19.6008777618408 19.4107646942139 19.2158794403076 19.5902462005615 17.4459476470947 19.1731872558594 18.8001174926758 18.3333339691162 18.8547077178955 18.8841495513916 18.688232421875 18.5749225616455 18.4323081970215 18.5412445068359 18.4119529724121 18.6309185028076 17.9056167602539 17.7278804779053 17.2119140625 15.4191436767578 15.3142995834351 15.1913719177246 15.4200448989868 15.5008964538574 15.8254365921021 14.4837074279785 13.4577531814575 13.7658996582031
16.8967456817627 17.2054576873779 18.1865329742432 19.8501319885254 17.9288711547852 17.8939781188965 19.7870616912842 20.8213291168213 20.8113212585449 21.8046894073486 20.8146591186523 21.581241607666 20.8686370849609 20.7491626739502 21.2785758972168 21.3365879058838 20.8206634521484 21.2472229003906 21.0950222015381 20.1190891265869 20.7973022460938 20.5696640014648 20.4620246887207 19.8627223968506 19.435791015625 19.4935894012451 19.1514434814453 19.0707740783691 18.2376289367676 19.434362411499 18.4849796295166 18.8244819641113 19.3806896209717 18.8841495513916 18.8045501708984 18.5614585876465 18.7601833343506 18.7134838104248 18.7601833343506 16.8333339691162 16.332483291626 15.4497394561768 15.5 15.5161209106445 15.5161209106445 15.3957061767578 15.9068470001221 15.7436056137085 13.2926464080811 13.0096120834351
17.8465690612793 20.8373336791992 21.3509044647217 20.3783645629883 16.8555965423584 20.087308883667 21.4618530273438 21.5818862915039 21.0831680297852 21.0178489685059 22.1741847991943 20.6000270843506 21.2367610931396 20.9344215393066 20.8266658782959 20.7062797546387 21.2922782897949 21.2896690368652 21.3600101470947 21.716609954834 20.1066608428955 21.2217140197754 20.4633827209473 20.6094646453857 20.5453433990479 20.2038230895996 19.9401874542236 18.9787902832031 17.9164733886719 18.2695865631104 17.8753395080566 17.3933258056641 17.1464290618896 18.9414310455322 19.0357856750488 18.9274940490723 18.9502277374268 17.6052398681641 17.670597076416 17.692590713501 15.8622541427612 15.2952423095703 15.2952423095703 15.5331192016602 15.5331192016602 15.8648805618286 15.7038564682007 15.7718105316162 14.2954931259155 12.8657598495483
16.8151721954346 18.0138835906982 15.4757871627808 17.4928550720215 17.2851886749268 21.0660343170166 22.242977142334 24.0837650299072 24.6615982055664 22.5776443481445 21.8008670806885 21.8237895965576 20.3960781097412 20.9490127563477 20.8812789916992 21.8746433258057 20.8493270874023 20.6458225250244 21.0858039855957 20.7049369812012 21.8231525421143 20.8353328704834 21.0778980255127 20.9045448303223 20.730411529541 20.5548038482666 20.7932949066162 20.3039398193359 19.8270301818848 19.2035884857178 18.7201614379883 17.6847400665283 17.1537170410156 17.4427642822266 17.4714050292969 17.5079345703125 17.6139144897461 17.4427642822266 17.6147041320801 17.6776695251465 15.8981132507324 15.6985492706299 15.0729703903198 15.0729703903198 15.119891166687 15.2315464019775 15.5518846511841 15.716233253479 14.5726146697998 13.8393564224243
15.7144660949707 18.0354595184326 18.9282264709473 18.9480285644531 18.1689605712891 20.523021697998 20.9045448303223 22.4152717590332 21.5406589508057 21.5200157165527 22.0932369232178 21.6275291442871 21.7511177062988 22.3351993560791 20.6094646453857 20.9091949462891 20.6686820983887 21.1193695068359 21.0950222015381 20.917163848877 21.5354995727539 21.9431076049805 21.6551246643066 21.432710647583 21.1765060424805 21.1009483337402 20.6821174621582 20.4130954742432 20.2984676361084 20.110803604126 20.4151363372803 19.129674911499 18.4323081970215 17.5602130889893 17.5957698822021 17.4363918304443 17.313289642334 17.6737403869629 16.892635345459 16.5680408477783 16.5075740814209 15.1913719177246 15.4524364471436 15.0702056884766 14.7394027709961 14.5602197647095 15.6107158660889 14.9415531158447 13.684947013855 13.8393564224243
18.3310604095459 19.4365062713623 19.5859928131104 20.0983695983887 20.7351016998291 17.4507236480713 16.5604953765869 19.5774822235107 21.2177867889404 20.7243824005127 20.0173530578613 21.3190059661865 21.9715728759766 21.917142868042 21.7396202087402 21.7760066986084 20.3469905853271 21.0739440917969 21.2374153137207 21.4009342193604 20.5487232208252 20.9072017669678 21.8428726196289 21.3937950134277 21.4093704223633 21.2485294342041 20.9045448303223 21.2844486236572 20.7892875671387 20.4498023986816 20.0402374267578 20.2738208770752 20.1087322235107 19.0131530761719 18.0954265594482 17.8543491363525 17.9799270629883 17.2827796936035 17.1666660308838 16.7936820983887 16.1795482635498 15.9530563354492 16.1795482635498 14.5726146697998 15.0009260177612 14.8277139663696 15.4677085876465 15.0831031799316 13.851393699646 14.0009918212891
18.5007514953613 18.6309185028076 18.8576545715332 19.434362411499 20.7069492340088 21.527759552002 19.3225536346436 16.3715534210205 17.1690940856934 19.6086711883545 21.1778182983398 22.079402923584 22.342658996582 22.0498180389404 22.0573749542236 22.1064338684082 21.6974143981934 22.3351993560791 20.7002410888672 19.8962593078613 20.7846088409424 21.095682144165 21.432710647583 20.8146591186523 21.3430957794189 21.7031745910645 21.1955184936523 21.0323829650879 20.6020488739014 20.5548038482666 20.1935081481934 20.4416522979736 21.0772380828857 19.79758644104 19.7702083587646 19.8017959594727 18.5973415374756 17.2417449951172 17.7482395172119 17.1277885437012 16.8407573699951 16.0684299468994 15.8569993972778 16.439281463623 16.2873497009277 14.8978004455566 15.8464860916138 14.8698053359985 13.5748949050903 14.092945098877
18.3855323791504 18.3628559112549 18.5187587738037 18.6681537628174 18.9458293914795 21.3665103912354 18.7749824523926 17.7114219665527 19.7702083587646 21.574161529541 21.1312046051025 21.424934387207 22.0907211303711 22.4264221191406 21.0462455749512 21.7721786499023 21.7830200195312 21.7070140838623 22.1810722351074 20.757194519043 20.6215915679932 20.7872829437256 21.6108245849609 20.2854633331299 21.482551574707 21.2059993743896 21.7396202087402 21.1607608795166 21.2099304199219 20.9284496307373 20.7270622253418 20.1831893920898 21.1009483337402 21.0204925537109 20.2367935180664 20.1432361602783 20.2299289703369 20.0124969482422 19.736457824707 19.566837310791 19.1253185272217 18.260461807251 17.161003112793 16.7041244506836 16.7589111328125 15.9068470001221 15.8806314468384 15.0923089981079 13.416407585144 13.6106576919556
18.6212253570557 18.4894866943359 18.7082862854004 18.5472373962402 18.626443862915 18.8620719909668 18.2825050354004 15.16575050354 17.5641689300537 17.3285255432129 19.5412673950195 19.5519256591797 18.8679618835449 19.6730213165283 20.1190891265869 22.3886127471924 21.9152412414551 21.8632106781006 21.835241317749 21.6088981628418 21.5645027160645 20.382453918457 19.8038997650146 20.5730400085449 20.2299289703369 19.63698387146 20.1976337432861 21.1154232025146 20.7310829162598 21.0877799987793 21.0877799987793 20.3906288146973 19.9436702728271 20.0817775726318 20.856653213501 20.3783645629883 20.271764755249 20.6767444610596 20.478307723999 20.2614841461182 19.7554492950439 19.8333339691162 18.4932422637939 17.4212512969971 17.4140739440918 16.0658359527588 16.4350566864014 15.4515371322632 14.4980840682983 13.8574085235596
22.226110458374 19.1688404083252 19.0904273986816 18.9722023010254 17.2151412963867 17.0057182312012 16.3630676269531 17.4499282836914 17.812292098999 18.6197319030762 17.2320766448975 17.5214157104492 18.4390888214111 19.0729598999023 19.3520030975342 20.5676383972168 20.8506603240967 21.871467590332 21.6243171691895 21.7204456329346 21.8180599212646 22.4833278656006 22.4264221191406 20.3100967407227 19.2664070129395 19.5987529754639 20.6121597290039 20.5060958862305 20.6155281066895 20.6821174621582 21.1843757629395 20.6700267791748 19.4615001678467 18.7082862854004 18.0746898651123 20.3579082489014 21.440486907959 20.1501312255859 21.211893081665 20.1294422149658 20.0152721405029 19.543399810791 19.7026500701904 18.5659484863281 18.0215911865234 17.7560634613037 17.5 14.9953699111938 13.9642400741577 14.3304262161255
18.9853744506836 18.1666660308838 17.2224006652832 15.9138307571411 15.5277528762817 16.4772567749023 16.4983158111572 16.581449508667 18.0030860900879 20.1976337432861 20.5027103424072 18.2239151000977 18.023904800415 20.1315116882324 20.917163848877 20.8433303833008 21.650634765625 21.6666660308838 21.2190952301025 22.276668548584 22.593017578125 22.4053573608398 22.7492370605469 21.5258235931396 20.4477653503418 19.9527225494385 18.7424049377441 18.8414440155029 19.6214160919189 19.9965267181396 20.2532577514648 20.5 20.6639785766602 20.3742752075195 20.5899105072021 20.0997505187988 20.7966346740723 19.8669185638428 21.0224742889404 20.2793006896973 19.8431339263916 19.9812412261963 19.8683166503906 18.7956848144531 19.0656757354736 19.1905651092529 19.00950050354 15.8192920684814 15.4793767929077 14.9916639328003
14.8828763961792 16.1253776550293 16.1012420654297 17.1245441436768 17.2771530151367 18.3303031921387 16.6466541290283 16.6416473388672 17.1755638122559 18.3151416778564 19.2483768463135 18.3575592041016 16.3486328125 19.280818939209 20.3408451080322 20.559534072876 22.5117244720459 22.4728221893311 22.342658996582 22.6384620666504 22.5061721801758 22.616979598999 22.5554866790771 22.006311416626 21.7198066711426 21.8333339691162 19.7484169006348 19.078784942627 19.5831565856934 18.8944435119629 19.7989902496338 19.7357540130615 19.5576076507568 20.3654117584229 20.1128749847412 20.5487232208252 20.4090118408203 20.3169326782227 21.4359512329102 21.3606586456299 20.7652225494385 19.7863597869873 19.8899745941162 19 19.137659072876 19.0656757354736 18.688232421875 16.4240684509277 16.3358840942383 15.6027059555054
15.1446723937988 15.6533632278442 16.8060836791992 19.00950050354 18.6480560302734 19.5767726898193 19.5767726898193 19.4365062713623 19.022647857666 19.6412258148193 18.4526424407959 17.1277885437012 17.1755638122559 17.3669548034668 18.0608539581299 18.7268371582031 19.9192810058594 21.3548069000244 21.771541595459 22.6770801544189 21.9987373352051 22.6132946014404 21.7836589813232 22.3103122711182 21.9146060943604 21.9665145874023 22.1535053253174 22.0680770874023 20.8326663970947 20.4701671600342 20.2450275421143 18.8686981201172 19.7280120849609 19.6645469665527 19.4793338775635 20.3312835693359 19.9185848236084 20.4008445739746 20.4110527038574 20.0547866821289 20.7183494567871 20.2299289703369 19.4472217559814 19.7230834960938 19.1818771362305 19.50071144104 18.8266944885254 18.3779754638672 17.9218978881836 17.4626579284668
16.6216049194336 16.8728904724121 17.1666660308838 17.3140926361084 17.073371887207 18.8466033935547 18.7490749359131 18.986837387085 19.2642440795898 19.6086711883545 19.3806896209717 19.8871822357178 19.8878803253174 20.1604671478271 19.4036083221436 19.5256233215332 19.992359161377 20.1128749847412 21.2020702362061 21.266170501709 22.2885131835938 21.7070140838623 22.6163654327393 22.1359443664551 21.2177867889404 21.2138576507568 22.264196395874 21.6031112670898 22.1923408508301 21.2217140197754 20.6155281066895 20.0651721954346 21.1009483337402 20.4192180633545 19.8732089996338 19.8501319885254 20.3456249237061 20.4762725830078 19.5028495788574 19.1572437286377 20.0402374267578 20.5851879119873 20.3640480041504 18.4308013916016 19.3203983306885 19.79758644104 19.4622135162354 18.1460132598877 18.7579612731934 17.4340019226074
27.8048763275146 27.3541584014893 17.9822444915771 18.1176700592041 18.0053997039795 18.3719291687012 19.8711128234863 19.6539516448975 18.9765930175781 19.0401630401611 18.7549991607666 19.032865524292 18.9458293914795 19.0860614776611 19.6751384735107 19.6348609924316 19.7301235198975 20.0748596191406 20.3039398193359 20.3640480041504 20.5331707000732 21.0713081359863 21.8886070251465 21.6705131530762 21.581241607666 21.6217479705811 21.8924140930176 22.554256439209 22.5302257537842 21.6390857696533 20.16184425354 19.3828392028809 20.5656127929688 20.8193283081055 21.2837963104248 21.8390579223633 18.1643733978271 19.8368339538574 20.7545185089111 19.3763885498047 18.9274940490723 19.4985752105713 19.3570251464844 19.0664043426514 19.1572437286377 19.5767726898193 18.8797359466553 19.0685901641846 18.5457401275635 18.6755924224854
27.9245014190674 28.3759479522705 28.2223320007324 19.1775341033936 19.1013374328613 19.814416885376 18.960485458374 18.7735042572021 20.2175674438477 19.931827545166 19.435791015625 20.05686378479 19.2166023254395 20.0048599243164 18.8244819641113 19.5455303192139 19.543399810791 19.742790222168 19.3390789031982 19.5796089172363 19.7891674041748 20.0561714172363 20.3722305297852 21.7025337219238 21.5232429504395 22.3724784851074 21.7887592315674 20.4375743865967 22.4802379608154 21.3365879058838 21.598611831665 21.931713104248 19.6687850952148 20.6060943603516 20.4755954742432 20.2676544189453 21.0422859191895 21.11279296875 20.4633827209473 19.5412673950195 17.670597076416 16.6015396118164 19.5284690856934 19.5576076507568 19.9422779083252 19.7237873077393 19.8116130828857 18.1383571624756 19.1514434814453 19.2418823242188
27.7163200378418 27.5181751251221 27.9110698699951 27.472713470459 28.3901386260986 28.3715419769287 20.2916240692139 20.1707992553711 19.7933769226074 19.4836120605469 20.3988018035889 20.9344215393066 21.8689270019531 20.8806133270264 20.4498023986816 20.4620246887207 19.4985752105713 19.8683166503906 21.172571182251 20.7792625427246 19.2093734741211 20.3497200012207 20.2175674438477 20.3640480041504 20.45387840271 21.1423740386963 20.6458225250244 22.3383083343506 22.6905517578125 22.912878036499 21.8746433258057 22.6611518859863 20.4212589263916 22.7870578765869 20.0997505187988 19.6242485046387 21.8886070251465 21.2308731079102 20.5696640014648 21.4618530273438 21.09765625 19.4193496704102 18.1727809906006 20.0464744567871 20.3592739105225 19.8368339538574 19.1405620574951 19.8962593078613 19.7926750183105 19.2945003509521
28.7913951873779 28.2921276092529 26.4764041900635 27.0714073181152 27.0138854980469 27.8153629302979 28.2036247253418 28.0935935974121 19.6984214782715 20.133581161499 20.3599548339844 20.5128688812256 21.5232429504395 21.2177867889404 21.1660099029541 20.7183494567871 20.3025722503662 21.2452602386475 21.3118381500244 20.5243759155273 20.5412864685059 20.0797023773193 20.492546081543 20.3967590332031 20.2861480712891 20.1273727416992 20.5270824432373 21.5354995727539 21.511625289917 21.3606586456299 21.8346061706543 22.3941955566406 22.3215141296387 23.0976181030273 21.7932205200195 20.8693027496338 19.2353839874268 22.5524082183838 21.2315273284912 19.9067268371582 20.6033973693848 20.3776836395264 19.9819355010986 20.0256786346436 20.5487232208252 21.678201675415 21.3717098236084 21.1541957855225 19.931827545166 19.9652481079102
28.5705757141113 28.0614414215088 28.0985374450684 26.8069229125977 26.9433555603027 27.3333339691162 28.3994331359863 28.5457725524902 27.0960235595703 27.2463054656982 26.8281574249268 20.1811237335205 20.3865432739258 22.2229862213135 20.7371120452881 21.7772808074951 21.406774520874 21.8581275939941 21.1719150543213 21.3372383117676 21.2589855194092 21.3333339691162 21.8485946655273 21.7012538909912 21.8104209899902 21.3684616088867 20.7364406585693 21.7568626403809 21.3307285308838 21.6608963012695 21.974100112915 22.1440982818604 22.5 22.2192363739014 22.0082054138184 21.3098831176758 21.0284194946289 21.2766170501709 21.1627292633057 21.5083961486816 21.0264377593994 21.5799541473389 21.6031112670898 20.6942024230957 21.1660099029541 21.6801242828369 21.917142868042 22.0567455291748 21.4242858886719 21.4417819976807
27.0554981231689 28.1178073883057 26.6103572845459 26.5492210388184 27.1881313323975 27.5065650939941 29.0722274780273 29.3172302246094 29.2023582458496 27.8433113098145 27.2442646026611 28.4033451080322 27.2141704559326 27.1062717437744 27.4048862457275 20.4620246887207 21.8447799682617 20.1625347137451 21.2668228149414 21.0026454925537 21.5838165283203 21.6223907470703 21.8276081085205 22.4895038604736 21.5 21.7300357818604 21.3196563720703 20.8925819396973 20.8153247833252 21.552906036377 21.2726993560791 21.3801574707031 22.1967220306396 20.0485515594482 16.777961730957 20.1707992553711 21.1607608795166 21.6262435913086 21.28249168396 21.4941844940186 20.3988018035889 21.511625289917 22.5277614593506 22.9371128082275 21 21.3131408691406 21.3190059661865 20.5433139801025 20.8806133270264 21.6564083099365
